638 sphinx3
520 638
calculix mcf
521 620 623
623 638
521 sphinx3
520 625 sphinx3
520 calculix sphinx3
557 sphinx3
625 sphinx3
620 623 calculix
calculix lbm
602 sphinx3
602 620 623
638 calculix sphinx3
521 625 638
520 623 sphinx3
605 623
521 623 calculix
520 620
521 625
602 638
605 sphinx3
620 623
lbm sphinx3
620 625
521 623 638
520 638 sphinx3
557 602
557 620
505 623 sphinx3
520 521 sphinx3
620 623 sphinx3
625 calculix sphinx3
calculix sphinx3
625 mcf
521 625 calculix
520 sphinx3
521 638
505 625 sphinx3
557 623 625
505 602
520 625
521 638 calculix
521 623 625
557 638
605 625
calculix mcf sphinx3
505 625
623 sphinx3
623 calculix
623 625 sphinx3
623 638 sphinx3
620 625 sphinx3
605 638 calculix
557 620 623
505 623
623 625
505 557 sphinx3
602 623
521 623
520 620 623
521 620 sphinx3
505 638
505 calculix
605 calculix
620 623 638
602 620
505 557 625
623 calculix sphinx3
638 lbm
620 calculix sphinx3
620 sphinx3
520 623 625
557 605
620 623 625
505 sphinx3
520 623 638
520 calculix
505 calculix sphinx3
mcf sphinx3
520 521
625 638 sphinx3
638 mcf sphinx3
505 557
520 521 623
557 623 calculix
520 602 623
620 calculix
557 620 sphinx3
602 calculix
602 625
557 calculix
605 638
620 638
520 602 620
520 623
521 calculix
505 602 sphinx3
557 625
602 605
520 623 calculix
520 602
520 557 623
521 602
638 mcf
520 557
557 623 638
521 557
557 623
521 620
520 557 sphinx3
521 605
520 620 sphinx3
505 638 sphinx3
620 638 sphinx3
