505 638
557 calculix mcf
520 mcf sphinx3
505 calculix mcf
557 calculix lbm
602 625 mcf
505 520 sphinx3
521 623 638
520 557 625
520 sphinx3
520 521 557
623 calculix mcf
557 lbm
620 638 sphinx3
520 625 mcf
520 605 625
520 557 calculix
602 605 638
557 623 mcf
602 620 625
638 lbm sphinx3
519 625 638
557 638 lbm
520 521 620
505 623 625
623 625 lbm
520 605 638
557 623 calculix
602 mcf sphinx3
602 mcf
602 623 638
505 520 calculix
521 602 620
505 520 602
638 mcf
520 620 calculix
557 mcf
505 520 521
620 calculix mcf
521 620
505 623 calculix
557 623 638
520 605 calculix
521 557 620
557 605 sphinx3
623 638 lbm
521 620 638
602 lbm sphinx3
calculix lbm
520 602 calculix
520 623 calculix
605 623
557 638 mcf
520 602 mcf
521 mcf sphinx3
602 605
505 623 638
625 calculix mcf
520 557 mcf
620 623 638
520 602 620
602 605 calculix
520 calculix sphinx3
505 557 638
520 625 sphinx3
521 620 625
620 623
623 638 mcf
625 calculix lbm
519 602
519 625
calculix lbm sphinx3
557 623 lbm
521 calculix lbm
620 calculix sphinx3
520 521 605
505 602 calculix
602 620 sphinx3
557 605 638
623 625 mcf
521 638 mcf
505 520 625
505 625 calculix
605 625 sphinx3
623 calculix lbm
505 521
519 calculix sphinx3
505 557 625
505 623
520 602 605
519 623
605 623 calculix
505 521 625
520 calculix mcf
620 623 sphinx3
521 557 602
557 602 605
521 602 638
519 625 calculix
519 521
521 602
620 625 lbm
505 620 sphinx3
602 638 lbm
521 625 mcf
620 638 lbm
505 557
505 602
505 521 calculix
602 623
mcf sphinx3
521 620 623
625 lbm
505 638 mcf
602 605 sphinx3
520 557 602
505 calculix
505 625
638 lbm
520 557 620
605 620
625 638 mcf
519 638 calculix
605 625 638
602 620 623
520 623 625
620 625 calculix
505 521 sphinx3
602 623 625
505 520 557
620 lbm sphinx3
505 521 mcf
505 625 638
605 638 sphinx3
605 calculix
557 605 625
605 625 calculix
605 620 sphinx3
520 625 calculix
623 mcf
521 557 623
638 calculix mcf
505 623 sphinx3
557 620 lbm
521 mcf
521 623 625
602 623 calculix
605 623 625
505 638 calculix
638 mcf sphinx3
625 638 lbm
520 602 625
620 625 mcf
602 623 sphinx3
505 521 638
557 605 calculix
521 638 lbm
620 623 625
605 calculix sphinx3
calculix mcf
521 625 lbm
620 625 sphinx3
623 lbm sphinx3
620 lbm
505 557 calculix
520 623 sphinx3
605 623 sphinx3
557 623 625
519 638
521 623 calculix
602 605 625
605 625
557 625 lbm
605 638 calculix
520 521 623
557 mcf sphinx3
505 mcf
520 557 623
620 calculix lbm
521 602 calculix
lbm sphinx3
520 638 sphinx3
521 623
505 602 638
520 557 605
521 620 calculix
505 557 sphinx3
519 638 sphinx3
505 557 620
557 623
521 602 625
620 623 calculix
605 623 638
520 605 sphinx3
520 602 sphinx3
557 625 mcf
505 625 mcf
521 605 638
605 620 625
557 620 sphinx3
557 605
520 602 623
605 620 638
605 638
557 620 calculix
520 605 623
557 620 mcf
521 620 sphinx3
520 521 mcf
557 602 620
505 638 sphinx3
505 mcf sphinx3
505 602 625
623 mcf sphinx3
602 638 mcf
602 calculix mcf
602 620 calculix
520 620 625
521 620 mcf
520 521 calculix
519 sphinx3
520 623 638
520 620 623
521 calculix mcf
505 557 623
505 557 mcf
620 638 mcf
605 sphinx3
557 605 620
521 605 625
519 557
557 620 625
calculix mcf sphinx3
521 605 sphinx3
505 620 625
521 602 sphinx3
519 calculix
521 605 620
602 calculix lbm
505 sphinx3
520 620 sphinx3
520 623
505 521 620
520 521 602
557 605 623
521 605
557 623 sphinx3
638 calculix lbm
602 lbm
557 620 623
520 521 625
520 521 sphinx3
505 602 sphinx3
521 lbm
521 605 calculix
521 620 lbm
625 mcf
602 620 638
623 lbm
620 mcf sphinx3
520 557 sphinx3
505 620 calculix
521 602 623
605 620 calculix
521 623 sphinx3
