521 605 mcf
521 605 638
557 605 mcf
521 620 623
520 calculix lbm
557 602 lbm
602 638 lbm
557 lbm sphinx3
505 521 calculix
505 calculix mcf
605 calculix sphinx3
520 557 605
521 mcf
519 638 calculix
520 605 623
521 lbm sphinx3
505 602 605
519 625 sphinx3
520 602 620
520 521 623
519 557 620
521 602 sphinx3
519 620 623
520 521 mcf
calculix lbm
520 557 sphinx3
557 602 605
605 620 625
557 620 sphinx3
505 625 calculix
605 620 623
calculix mcf sphinx3
520 620 623
557 638 mcf
521 625 lbm
605 623 sphinx3
calculix mcf
519 520 521
519 620 638
557 mcf
620 625 mcf
520 557 620
519 521 625
521 605
505 521
520 602 mcf
605 625 638
519 520 625
519 638 sphinx3
519 520 638
505 521 623
521 623
557 620 mcf
505 520 625
lbm sphinx3
521 605 sphinx3
605 638
557 calculix lbm
505 557 sphinx3
521 602 623
557 638 lbm
521 638 lbm
520 521 sphinx3
505 605 calculix
505 521 sphinx3
520 602 625
557 602 620
519 520 602
625 lbm
520 lbm sphinx3
625 calculix mcf
638 libquantum
557 625 lbm
605 calculix
602 mcf sphinx3
519 620 625
521 602 calculix
602 calculix lbm
520 623 lbm
519 557 sphinx3
602 623 638
620 625 sphinx3
605 620 sphinx3
620 mcf sphinx3
620 calculix mcf
505 557 620
519 602 620
519 620 sphinx3
520 521 lbm
calculix lbm sphinx3
505 557 625
520 602 623
557 623 625
623 lbm sphinx3
505 605 638
505 638 mcf
602 620 623
519 623 638
638 mcf
625 638 lbm
602 605 625
505 638 lbm
620 calculix lbm
505 557 602
505 557 605
520 623 mcf
521 605 calculix
638 calculix lbm
505 602 620
521 557 620
557 623
520 521 620
520 625 calculix
521 605 623
519 calculix
557 605 sphinx3
557 623 lbm
505 623 625
521 605 620
505 calculix
520 623 638
520 521 calculix
602 libquantum
505 520 521
519 557 602
520 620 625
519 557 623
519 521 638
521 602 620
602 mcf
521 mcf sphinx3
520 557 mcf
620 623 calculix
521 602
520 625 mcf
605 mcf sphinx3
521 623 lbm
505 mcf
505 521 625
602 605 623
505 623
519 520 623
557 620 625
620 623 sphinx3
623 calculix mcf
519 638
521 557 623
557 calculix mcf
520 605 625
519 sphinx3
521 620 625
520 557 lbm
libquantum sphinx3
520 521 605
605 sphinx3
623 638 mcf
602 623 calculix
520 638 lbm
calculix libquantum
519 521 sphinx3
602 623 sphinx3
505 520 602
519 602 623
519 520 calculix
521 623 mcf
602 605 638
520 602 sphinx3
519 625 calculix
520 557 calculix
521 557 605
605 625
519 calculix sphinx3
605 625 calculix
519 623 calculix
620 625 lbm
519 623
519 620
623 mcf sphinx3
605 620
557 623 mcf
605 calculix mcf
623 calculix lbm
505 605 625
520 605 638
638 lbm
605 623 mcf
519 557 625
520 623 sphinx3
605 638 calculix
505 557 623
505 557 calculix
505 521 620
521 623 calculix
521 623 sphinx3
520 605 sphinx3
mcf sphinx3
605 638 mcf
505 lbm
620 libquantum
505 lbm sphinx3
557 605 623
520 623
520 620 calculix
638 calculix mcf
520 625 sphinx3
520 602 605
505 557 mcf
521 libquantum
602 620 638
625 lbm sphinx3
557 mcf sphinx3
520 620 sphinx3
602 605 620
557 605 620
521 638 mcf
519 623 sphinx3
520 521 602
519 557 638
505 557
520 mcf sphinx3
520 623 625
505 623 mcf
505 mcf sphinx3
505 602 sphinx3
623 638 lbm
557 605 625
557 620 calculix
505 620 sphinx3
521 602 638
519 602
521 623 638
505 521 mcf
519 557 calculix
605 638 sphinx3
557 625 mcf
521 calculix mcf
520 602 calculix
557 605 calculix
520 sphinx3
520 calculix sphinx3
625 libquantum
623 lbm
521 lbm
605 mcf
519 623 625
519 620 calculix
505 605 sphinx3
519 602 625
602 638 mcf
505 602 calculix
605 625 mcf
505 sphinx3
521 625 mcf
505 638 calculix
620 lbm sphinx3
519 625 638
505 520 623
521 620 mcf
505 625
505 557 638
602 lbm sphinx3
520 calculix mcf
519 520 sphinx3
520 521 625
623 625 lbm
505 602 625
605 620 calculix
602 625 lbm
505 620 625
521 620 sphinx3
557 620 623
505 623 638
520 557 623
505 520 sphinx3
505 638
602 605 mcf
521 620 calculix
623 mcf
602 calculix mcf
520 605 calculix
521 605 625
557 605 638
557 623 calculix
521 620 638
505 623 sphinx3
557 605
605 623 638
620 638 lbm
620 calculix sphinx3
520 623 calculix
620 638 sphinx3
620 623 625
519 602 sphinx3
557 lbm
505 602 638
520 602 lbm
620 lbm
521 620
602 605 calculix
620 638 mcf
505 605 623
605 623 625
519 625
519 602 638
519 521 620
519 521 calculix
620 623 638
625 638 mcf
602 605 sphinx3
505 625 lbm
605 623
602 625 mcf
521 557 602
520 557 602
638 mcf sphinx3
520 557 625
505 625 638
623 libquantum
623 625 mcf
520 625 lbm
557 623 sphinx3
505 557 lbm
602 605
602 620 625
620 623
505 520 calculix
521 620 lbm
602 620 calculix
638 lbm sphinx3
521 602 625
519 521 623
602 620 lbm
505 638 sphinx3
505 520 557
519 520 557
602 623
557 602 mcf
602 620 mcf
602 623 625
620 625 calculix
605 620 638
505 620 calculix
625 calculix lbm
505 602
505 521 605
519 520 620
602 lbm
625 mcf
602 620 sphinx3
557 620 lbm
505 calculix lbm
519 557
557 623 638
505 625 mcf
505 623 calculix
519 521
519 602 calculix
505 602 mcf
521 623 625
520 638 sphinx3
605 623 calculix
605 625 sphinx3
505 521 638
557 libquantum
520 521 557
519 521 602
521 calculix lbm
