505 lbm
505 623 638
505 623 calculix
623 638
505 557 625
521 605 623
623 lbm
520 521 mcf
505 620 sphinx3
557 620 sphinx3
620 638 sphinx3
505 520 calculix
520 602 605
521 mcf sphinx3
505 calculix
520 605 625
521 623 625
519 620
602 calculix mcf
520 620 calculix
602 620 lbm
505 557 623
520 625 sphinx3
521 623 638
calculix libquantum
505 625 638
557 623 625
521 libquantum
519 557 602
519 521 620
602 sphinx3
505 mcf
519 623 calculix
557 sphinx3
520 557 mcf
521 602
505 521
625 638 mcf
520 605
505 521 620
521 605 620
505 mcf sphinx3
521 calculix sphinx3
520 557 623
605 625 638
519 520 623
602 623
521 623 calculix
519 521 sphinx3
520 calculix mcf
519 623 625
505 602
602 638 mcf
520 557
521 620 sphinx3
620 625 lbm
505 638 calculix
620 623 638
519 557 calculix
602 620 sphinx3
521 605 638
519 620 625
519 620 623
520 557 sphinx3
519 557 623
505 605 623
557 602
602 625
calculix mcf sphinx3
519 520 557
620 623 calculix
505 521 mcf
602 638 calculix
521 620 mcf
521 625 lbm
602 620 638
505 620 625
505 sphinx3
519 623
620 623 625
520 625 638
620 625 638
521 605 sphinx3
557 605 638
520 mcf
620 638
602 623 calculix
620 625 mcf
605 638
521 557
505 625 sphinx3
557 mcf
623 625 sphinx3
505 605
638 libquantum
520 557 calculix
521 557 605
519 557 620
623 638 lbm
505 623 625
602 mcf sphinx3
602 620 623
557 602 lbm
557 602 mcf
521 602 calculix
557 623
505 620
521 620
505 521 638
519 557 625
605 623 sphinx3
519 520 620
505 520 602
557 638 sphinx3
557 623 mcf
620 sphinx3
623 calculix sphinx3
620 lbm
521 557 sphinx3
505 calculix sphinx3
521 623 mcf
519 520 521
605 623 calculix
557 602 620
520 605 calculix
620 calculix mcf
520 602 620
521 557 calculix
520 602
521 sphinx3
calculix lbm sphinx3
505 602 calculix
620 calculix
605 620 623
521 557 623
520 calculix lbm
520 calculix sphinx3
520 602 638
520 mcf sphinx3
623 638 calculix
519 520 602
519 602
521 623 lbm
520 623 mcf
505 623
557 620 625
602 623 625
521 625 mcf
602 620 calculix
557 625 mcf
505 602 620
623 calculix lbm
557 calculix lbm
520 557 602
620 mcf sphinx3
520 620 623
520 521 620
520 557 638
602 620 mcf
605 638 calculix
519 625 sphinx3
557 602 605
623 mcf
521 calculix lbm
623 sphinx3
505 638 sphinx3
605 calculix sphinx3
520 638 sphinx3
605 623 638
602 lbm sphinx3
521 625 calculix
520 521 623
mcf sphinx3
519 638
520 623 638
557 lbm
620 638 calculix
620 623
625 calculix mcf
520 638 lbm
520 620 638
625 mcf sphinx3
638 calculix mcf
519 calculix sphinx3
557 623 sphinx3
519 520 625
519 638 calculix
505 557 605
521 638 sphinx3
623 mcf sphinx3
602 605 620
557 605 calculix
638 mcf
520 602 mcf
620 625
557 638 mcf
623 lbm sphinx3
505 602 625
620 625 sphinx3
505 602 sphinx3
505 557 638
620 lbm sphinx3
521 605
602 625 638
505 calculix mcf
521 557 602
638 mcf sphinx3
520 557 620
520 638 calculix
557 lbm sphinx3
520 521 calculix
557 605 620
520 602 sphinx3
638 lbm
505 625 mcf
519 521 602
519 557 638
libquantum sphinx3
520 623 calculix
lbm sphinx3
519 602 sphinx3
519 557 sphinx3
505 638
505 520 557
557 620 lbm
520 521 638
520 625 calculix
505 521 calculix
605 620 sphinx3
519 625 638
557 625 lbm
520 620 sphinx3
605 mcf
519 602 620
557 620 623
521 calculix mcf
605 623 625
521 602 625
557 638 lbm
623 638 sphinx3
519 625
625 mcf
520 557 605
520 623 lbm
521 638 lbm
521 620 623
520 623
519 sphinx3
602 620 625
605 620
505 557 620
505 620 638
520 602 625
557 602 625
520 605 623
505 520
605 638 sphinx3
520 623 625
557 605 625
557 623 638
521 557 625
calculix lbm
557 605 623
505 602 mcf
505 602 638
521 625 sphinx3
505 557 calculix
557 620 calculix
620 638 lbm
505 620 calculix
520 557 625
625 lbm sphinx3
557 620 638
505 557 sphinx3
557 602 sphinx3
605 625
520 calculix
505 521 625
623 625
521 625
602 605 623
602 605 625
519 623 638
625 638 lbm
519 521
505 520 625
520 638 mcf
521 638 mcf
505 625 calculix
505 520 638
605 625 sphinx3
520 620
505 605 sphinx3
520 605 638
623 625 calculix
620 calculix sphinx3
520 521 625
521 623 sphinx3
520 602 calculix
520 602 623
557 623 lbm
521 620 calculix
505 623 sphinx3
602 625 sphinx3
519 602 623
519 calculix
625 lbm
519 557
625 calculix lbm
505 520 623
505 625
557 625 sphinx3
519 620 sphinx3
505 638 mcf
602 libquantum
520 521 557
623 libquantum
521 602 623
557 libquantum
520 521 sphinx3
521 625 638
519 625 calculix
623 calculix
519 521 623
625 libquantum
557 605
602 605 638
623 625 lbm
623 625 638
505 521 sphinx3
505 557 602
557 calculix mcf
557 623 calculix
505 520 sphinx3
602 605 calculix
620 638 mcf
505 520 521
602 605 sphinx3
520 605 sphinx3
521 lbm
519 520
557 620
505 557 mcf
557 602 623
602 605
521 557 638
521 605 625
605 calculix
521 605 calculix
521 602 620
505 557
521 620 lbm
calculix mcf
605 sphinx3
638 lbm sphinx3
505 521 623
520 623 sphinx3
602 lbm
638 calculix lbm
521 620 625
557 602 calculix
519 623 sphinx3
605 625 calculix
605 623
602 623 638
519 638 sphinx3
521 mcf
620 mcf
520 638
557 605 sphinx3
519 520 sphinx3
520 sphinx3
520 lbm
620 libquantum
602 620
620 623 sphinx3
520 625 mcf
521 557 620
520 521
557 mcf sphinx3
520 625 lbm
521 620 638
520 521 602
605 620 calculix
620 625 calculix
557 620 mcf
521 623
520 620 625
521 602 sphinx3
605 620 638
602 mcf
520 625
602 623 sphinx3
605 620 625
620 calculix lbm
520 521 605
602 calculix
