620 sphinx3
505 521
557 calculix mcf
520 521 calculix
505 602 638
519 625 sphinx3
623 625 calculix
520 625 638
623 lbm
521 602 620
521 calculix sphinx3
519 625 638
519 638
521 557
520 602 calculix
520 521 sphinx3
521 620 lbm
505 calculix mcf
505 521 sphinx3
521 557 602
520 557 638
calculix lbm
519 sphinx3
557 623
521 623 638
519 521
623 sphinx3
557 625 mcf
520 620
505 625 638
625 638 mcf
521 625
521 620 sphinx3
557 602 620
505 623
505 602 625
602 638 calculix
557 620 lbm
520 calculix sphinx3
505 mcf sphinx3
520 557 602
505 620 638
520 620 calculix
602 calculix
521 620 623
521 calculix mcf
520 sphinx3
505 520 638
620 lbm
557 620 calculix
521 625 calculix
602 620 638
505 638 sphinx3
625 mcf
602 623 calculix
557 620 sphinx3
calculix mcf sphinx3
520 557 calculix
505 623 638
625 calculix lbm
620 lbm sphinx3
623 638 sphinx3
620 calculix sphinx3
638 mcf
520 calculix
521 calculix lbm
519 602
mcf sphinx3
520 521 625
519 638 sphinx3
623 625
521 623 calculix
557 623 lbm
602 638 mcf
520 602 sphinx3
520 620 625
520 602 625
638 calculix mcf
505 mcf
505 620 calculix
521 638 sphinx3
557 620 625
519 557
620 625
520 602 620
519 623
505 620 625
623 lbm sphinx3
521 lbm
505 557
521 625 mcf
505 623 calculix
521 623 lbm
623 calculix sphinx3
602 lbm sphinx3
602 620 lbm
505 557 calculix
602 623 625
505 638 mcf
625 638 lbm
602 calculix mcf
521 557 638
602 lbm
602 sphinx3
520 557 625
620 638 lbm
520 638
520 625 sphinx3
620 625 lbm
620 625 calculix
602 625
638 calculix lbm
521 623
519 638 calculix
521 623 625
505 625 mcf
505 557 mcf
620 625 sphinx3
557 623 calculix
505 557 638
557 sphinx3
520 lbm
520 623 calculix
557 623 625
505 520
520 623 625
520 557
521 620
623 calculix
557 602
620 calculix lbm
557 623 638
602 620 calculix
623 638 calculix
519 calculix sphinx3
521 557 calculix
520 521 557
557 620 638
521 557 625
557 lbm
520 623 sphinx3
521 602
521 638 mcf
623 625 lbm
519 625 calculix
505 521 638
520 521 623
505 520 sphinx3
521 625 638
520 521
620 623 calculix
620 623
638 lbm sphinx3
505 520 625
638 mcf sphinx3
557 602 625
520 620 sphinx3
520 557 623
520 602
623 calculix lbm
625 mcf sphinx3
505 521 calculix
505 calculix sphinx3
557 620 623
602 620
620 638 calculix
602 623
505 602 calculix
505 sphinx3
557 602 calculix
505 557 sphinx3
557 623 sphinx3
505 602 sphinx3
519 625
520 623
505 521 mcf
557 638 sphinx3
520 602 638
505 calculix
521 620 625
519 calculix
620 623 625
521 557 620
620 638
505 521 625
602 623 638
557 620
623 625 sphinx3
505 602
505 520 calculix
505 557 625
625 calculix mcf
625 lbm
520 625
521 557 623
623 625 638
521 sphinx3
505 620 sphinx3
602 623 sphinx3
521 mcf sphinx3
520 521 620
520 521 602
602 mcf
520 625 calculix
557 mcf sphinx3
521 620 calculix
520 623 638
620 623 638
lbm sphinx3
520 557 sphinx3
557 638 mcf
521 mcf
623 638 lbm
505 638
505 620
520 521 638
602 620 sphinx3
521 638 lbm
505 623 625
620 638 sphinx3
505 602 mcf
520 620 638
520 638 calculix
602 625 638
602 620 625
521 620 638
620 625 638
623 638
620 calculix
620 623 sphinx3
557 mcf
505 623 sphinx3
638 lbm
calculix mcf
520 638 sphinx3
505 638 calculix
505 625
505 625 calculix
557 602 lbm
520 557 620
