505 521 623
520 557 623
602 620 sphinx3
505 557 620
calculix libquantum
521 557 lbm
521 623 mcf
602 625 lbm
605 625 calculix
602 605 623
638 mcf sphinx3
638 libquantum
519 520 sphinx3
520 623 sphinx3
505 623 625
520 521 625
519 521 625
520 620 623
519 521
520 521 lbm
520 623 625
521 lbm
557 638 lbm
557 605 620
520 620 sphinx3
519 625 638
605 calculix mcf
623 625 lbm
605 620
605 620 sphinx3
505 521 605
519 602 calculix
520 605 623
520 605 sphinx3
605 623 calculix
505 521 lbm
623 libquantum sphinx3
520 623 lbm
520 605 625
557 620 mcf
625 calculix lbm
520 521 605
605 625 638
520 605
520 602 605
602 620 lbm
557 620 libquantum
620 623 625
602 mcf sphinx3
602 623 625
519 620 sphinx3
520 602 620
602 lbm sphinx3
623 calculix mcf
519 557 calculix
505 557 lbm
505 520 602
557 605 623
519 623 625
505 520 557
505 mcf sphinx3
519 520 602
602 625 libquantum
505 602 calculix
505 557 623
602 623 sphinx3
505 521 620
calculix lbm
605 638 sphinx3
602 623 libquantum
557 lbm
521 mcf
520 623
505 521 mcf
623 mcf
605 mcf sphinx3
calculix mcf
602 605 620
519 521 602
519 557 602
519 620 625
519 557
521 605 calculix
calculix lbm sphinx3
602 605 sphinx3
519 623 sphinx3
505 557 605
623 638 lbm
520 521 mcf
625 libquantum
519 623 638
520 602 mcf
620 libquantum
602 623 calculix
521 620 lbm
521 557 620
557 623 lbm
605 623 638
521 625 mcf
605 625 mcf
557 libquantum sphinx3
625 mcf sphinx3
519 557 sphinx3
519 520 521
505 521 638
505 623 638
620 638 lbm
602 620 625
505 602
505 625 mcf
602 625 mcf
505 520
521 605 620
505 638 lbm
519 602 625
557 623 libquantum
521 638 lbm
505 623 calculix
605 620 638
505 623
557 602 620
521 620 libquantum
602 mcf
602 620 mcf
521 620 638
520 623 638
519 557 623
605 638 mcf
505 lbm sphinx3
605 623 sphinx3
505 602 625
557 605 638
520 623 calculix
505 557 calculix
521 620 625
623 lbm sphinx3
520 605 638
519 602 638
605 623
521 625 libquantum
557 620 623
521 calculix lbm
557 calculix lbm
520 625 lbm
602 623
557 623 mcf
623 625 mcf
521 620 623
602 620 calculix
625 lbm sphinx3
505 605 625
521 602 620
557 625 mcf
521 620 calculix
520 623 mcf
625 638 lbm
605 623 625
557 605 sphinx3
505 605 calculix
519 620 638
557 625 libquantum
557 libquantum
521 lbm sphinx3
519 521 557
623 625 libquantum
520 557 mcf
519 sphinx3
620 calculix lbm
520 521 557
505 520 521
620 625 mcf
521 mcf sphinx3
557 605 mcf
623 lbm
602 calculix mcf
520 605 calculix
602 605 mcf
557 602 623
557 602 mcf
557 625 lbm
519 calculix
505 calculix lbm
620 623 sphinx3
520 557 620
505 sphinx3
520 625 mcf
519 557 620
520 620
557 605 calculix
519 623 calculix
520 calculix lbm
505 620 sphinx3
620 lbm sphinx3
505 mcf
620 libquantum sphinx3
557 lbm sphinx3
602 605 625
505 605 623
519 620 calculix
505 557 mcf
519 557 625
505 521 sphinx3
521 libquantum sphinx3
602 620 623
605 620 623
620 calculix mcf
520 602 lbm
602 605 calculix
602 620 libquantum
602 620
505 521 625
519 625
521 605 mcf
520 521 620
519 521 calculix
520 557 625
521 605
638 lbm sphinx3
520 mcf sphinx3
605 calculix
521 602 623
638 lbm
520 638 lbm
505 520 sphinx3
505 602 sphinx3
602 605
625 lbm
519 521 638
605 620 625
602 calculix lbm
605 620 calculix
519 602 sphinx3
521 620 mcf
620 625 libquantum
602 623 638
519 calculix sphinx3
505 625 sphinx3
557 mcf sphinx3
521 557 libquantum
520 521 sphinx3
calculix mcf sphinx3
505 521 calculix
520 557 lbm
520 521 638
521 625 lbm
519 602
520 602 calculix
519 521 620
521 605 638
623 638 mcf
602 638 mcf
602 605 638
602 lbm
602 libquantum
505 623 sphinx3
505 620
505 620 625
620 623
620 mcf sphinx3
505 625 lbm
520 521 623
605 calculix sphinx3
521 623 lbm
519 602 623
521 605 623
519 521 623
620 lbm
505 605 sphinx3
605 625
520 602
505 602 mcf
521 602 lbm
557 602 libquantum
557 605
520 602 sphinx3
520 557 602
557 638 mcf
520 620 625
519 638 calculix
620 625 lbm
620 mcf
557 620 lbm
625 libquantum sphinx3
519 638
605 sphinx3
520 521 602
605 638
602 638 lbm
620 623 libquantum
520 602 638
521 605 625
505 623 mcf
519 520 625
519 520 calculix
521 602 libquantum
557 602 605
521 605 sphinx3
623 mcf sphinx3
520 557 calculix
lbm sphinx3
505 557 602
519 625 calculix
libquantum sphinx3
557 calculix mcf
605 625 sphinx3
521 557 605
521 620 sphinx3
505 520 625
520 557 605
557 602 lbm
521 623 libquantum
505 602 620
520 557 sphinx3
505 calculix mcf
505 638 mcf
519 625 sphinx3
521 calculix mcf
520 lbm sphinx3
521 638 mcf
638 calculix lbm
557 605 625
623 calculix lbm
mcf sphinx3
520 mcf
620 638 mcf
557 mcf
520 602 623
505 602 638
605 mcf
505 605
519 521 sphinx3
505 557 638
519 557 638
605 623 mcf
505 520 623
623 libquantum
521 libquantum
602 libquantum sphinx3
519 520 557
