gromacs 7640382648 4656312946 4002852 18690577 1.640865 
bzip 10000172184 4660058276 1273005 49979395 2.145933 
gromacs 9999939297 5910454845 4827321 23220436 1.691907 
mcf 2481992865 5911617557 32223037 50971268 0.419850 
gromacs 9999979672 5791219387 4022823 22822293 1.726749 
mcf 2351339066 5791704989 32984842 47737944 0.405984 
gromacs 9999963143 5855575863 4806764 22996544 1.707768 
mcf 2454637340 5857083268 32013443 50384609 0.419089 
gromacs 10000075858 5698819509 3672746 23404539 1.754763 
mcf 2320703431 5700416419 32651751 46968701 0.407111 
gromacs 9999957837 5825865103 4281936 22751865 1.716476 
mcf 2282688447 5830998778 34678423 45645998 0.391475 
gromacs 9999969682 6150053196 5059469 25351891 1.625997 
mcf 2260933899 6154342737 36212511 45566032 0.367372 
****************** 
gromacs 10000066180 5855987575 4706076 24332517 1.707665 
mcf 2414207242 5857111523 32554571 49316918 0.412184 
****************** 
gromacs 8099166429 4767747095 4322875 20000283 1.698741 
mcf 1915813090 4769517176 29204081 36821290 0.401679 
calculix 10000757298 4721214115 7616150 83041982 2.118260 
****************** 
gromacs 7876502682 4626072563 4145972 17789341 1.702633 
bzip 10000321609 4626253649 2477964 49526349 2.161646 
mcf 1926062858 4626520121 27703792 37043434 0.416309 
****************** 
libquantum 20000138787 26971644395 526635083 634486879 0.741525 
****************** 
549 20000065483 40736821560 480816494 588414931 0.490958 
****************** 
602 7282911870 39019982043 189943014 193929086 0.186646 
605 20000152879 37028810924 363459335 1126461473 0.540124 
****************** 
lbm 18399929491 30104510997 402591429 580392812 0.611202 
519 20000133728 30453237904 544101819 607553189 0.656749 
****************** 
hmmer 10000495255 4821579789 1512291 33376352 2.074112 
****************** 
508 10000132104 5204132271 3935567 6119845 1.921575 
reporter 235006715 5201770415 22055880 24102191 0.045178 
****************** 
reporter 100004130 814155222 5354625 5366945 0.122832 
****************** 
reporter 10000006004 326742517197 1274365225 1377484862 0.030605 
****************** 
reporter 352155940 9063694448 37160567 40343058 0.038853 
602 10000213308 7383303555 3608896 72410050 1.354436 
****************** 
reporter 706047870 14495353331 50901816 90225606 0.048709 
lbm 10000190198 14076359392 163779822 305665712 0.710424 
****************** 
reporter 919270902 14371577769 45119716 120040130 0.063965 
lbm 10000207076 14003622449 163243452 305424602 0.714116 
****************** 
reporter 312806321 7421923332 29878112 35240478 0.042146 
602 10000258218 6952075592 3740306 72524615 1.438456 
****************** 
reporter 530935230 7442905400 28535350 32798367 0.071334 
602 10000329075 6971773556 3672355 72295154 1.434402 
****************** 
reporter 1446510686 14366168230 43839960 93981815 0.100689 
lbm 10000230531 14032616305 163950943 305600152 0.712642 
****************** 
reporter 2239717204 8500072342 19715480 27992296 0.263494 
602 10000124256 7986330823 4053557 78092207 1.252155 
****************** 
reporter 4967296530 14693424673 20894273 59744575 0.338063 
lbm 10000280679 14346804122 169162097 306693523 0.697039 
****************** 
reporter 10000123955 42839145380 100930126 118478069 0.233434 
602 0 0 0 0 -nan 
****************** 
reporter 3764202107 14602638660 31848234 45967466 0.257775 
lbm 9999413787 14256921431 168935720 306088552 0.701373 
****************** 
reporter 3370101428 14413343178 34961582 41445712 0.233818 
lbm 10000178893 14070318058 164217833 305452960 0.710729 
****************** 
reporter 1789911371 7443378883 19320055 22736077 0.240470 
602 10000253839 6973206199 3636606 72811506 1.434097 
****************** 
reporter 2130330270 7435293126 16896880 19204953 0.286516 
602 10000358018 6964685670 3548841 72516521 1.435866 
****************** 
reporter 4912838449 14494244558 23128344 41575479 0.338951 
lbm 10000154469 14142514235 166053501 305938348 0.707099 
****************** 
reporter 2509846856 7457102396 13445032 22278392 0.336571 
602 10000312356 6986384880 3651729 71539882 1.431400 
****************** 
reporter 5497919396 14576439388 18019571 46180570 0.377178 
lbm 9999326947 14249228886 167538985 306153531 0.701745 
****************** 
reporter 2529388151 8666987021 19018740 22420321 0.291842 
602 10000477887 8141272476 3765990 79074127 1.228368 
****************** 
reporter 5525497595 14409876272 17108061 46385830 0.383452 
lbm 10000197494 14049086830 162690065 305221349 0.711804 
****************** 
libquantum 20000179054 27478241598 537475200 634559436 0.727855 
****************** 
549 20000007147 41896499876 483147112 588566089 0.477367 
