505 519
505 520
505 521
505 557
505 602
505 620
505 623
505 625
505 638
505 calculix
505 mcf
505 sphinx3
505 lbm
505 libquantum
519 520
519 521
519 557
519 602
519 620
519 623
519 625
519 638
519 calculix
519 mcf
519 sphinx3
519 lbm
519 libquantum
520 521
520 557
520 602
520 620
520 623
520 625
520 638
520 calculix
520 mcf
520 sphinx3
520 lbm
520 libquantum
521 557
521 602
521 620
521 623
521 625
521 638
521 calculix
521 mcf
521 sphinx3
521 lbm
521 libquantum
557 602
557 620
557 623
557 625
557 638
557 calculix
557 mcf
557 sphinx3
557 lbm
557 libquantum
602 620
602 623
602 625
602 638
602 calculix
602 mcf
602 sphinx3
602 lbm
602 libquantum
620 623
620 625
620 638
620 calculix
620 mcf
620 sphinx3
620 lbm
620 libquantum
623 625
623 638
623 calculix
623 mcf
623 sphinx3
623 lbm
623 libquantum
625 638
625 calculix
625 mcf
625 sphinx3
625 lbm
625 libquantum
638 calculix
638 mcf
638 sphinx3
638 lbm
638 libquantum
calculix mcf
calculix sphinx3
calculix lbm
calculix libquantum
mcf sphinx3
lbm mcf
libquantum mcf
lbm sphinx3
libquantum sphinx3
lbm libquantum
505 519 520
505 519 521
505 519 557
505 519 602
505 519 620
505 519 623
505 519 625
505 519 638
505 519 calculix
505 519 mcf
505 519 sphinx3
505 519 lbm
505 519 libquantum
505 520 521
505 520 557
505 520 602
505 520 620
505 520 623
505 520 625
505 520 638
505 520 calculix
505 520 mcf
505 520 sphinx3
505 520 lbm
505 520 libquantum
505 521 557
505 521 602
505 521 620
505 521 623
505 521 625
505 521 638
505 521 calculix
505 521 mcf
505 521 sphinx3
505 521 lbm
505 521 libquantum
505 557 602
505 557 620
505 557 623
505 557 625
505 557 638
505 557 calculix
505 557 mcf
505 557 sphinx3
505 557 lbm
505 557 libquantum
505 602 620
505 602 623
505 602 625
505 602 638
505 602 calculix
505 602 mcf
505 602 sphinx3
505 602 lbm
505 602 libquantum
505 620 623
505 620 625
505 620 638
505 620 calculix
505 620 mcf
505 620 sphinx3
505 620 lbm
505 620 libquantum
505 623 625
505 623 638
505 623 calculix
505 623 mcf
505 623 sphinx3
505 623 lbm
505 623 libquantum
505 625 638
505 625 calculix
505 625 mcf
505 625 sphinx3
505 625 lbm
505 625 libquantum
505 638 calculix
505 638 mcf
505 638 sphinx3
505 638 lbm
505 638 libquantum
505 calculix mcf
505 calculix sphinx3
505 calculix lbm
505 calculix libquantum
505 mcf sphinx3
505 lbm mcf
505 libquantum mcf
505 lbm sphinx3
505 libquantum sphinx3
505 lbm libquantum
519 520 521
519 520 557
519 520 602
519 520 620
519 520 623
519 520 625
519 520 638
519 520 calculix
519 520 mcf
519 520 sphinx3
519 520 lbm
519 520 libquantum
519 521 557
519 521 602
519 521 620
519 521 623
519 521 625
519 521 638
519 521 calculix
519 521 mcf
519 521 sphinx3
519 521 lbm
519 521 libquantum
519 557 602
519 557 620
519 557 623
519 557 625
519 557 638
519 557 calculix
519 557 mcf
519 557 sphinx3
519 557 lbm
519 557 libquantum
519 602 620
519 602 623
519 602 625
519 602 638
519 602 calculix
519 602 mcf
519 602 sphinx3
519 602 lbm
519 602 libquantum
519 620 623
519 620 625
519 620 638
519 620 calculix
519 620 mcf
519 620 sphinx3
519 620 lbm
519 620 libquantum
519 623 625
519 623 638
519 623 calculix
519 623 mcf
519 623 sphinx3
519 623 lbm
519 623 libquantum
519 625 638
519 625 calculix
519 625 mcf
519 625 sphinx3
519 625 lbm
519 625 libquantum
519 638 calculix
519 638 mcf
519 638 sphinx3
519 638 lbm
519 638 libquantum
519 calculix mcf
519 calculix sphinx3
519 calculix lbm
519 calculix libquantum
519 mcf sphinx3
519 lbm mcf
519 libquantum mcf
519 lbm sphinx3
519 libquantum sphinx3
519 lbm libquantum
520 521 557
520 521 602
520 521 620
520 521 623
520 521 625
520 521 638
520 521 calculix
520 521 mcf
520 521 sphinx3
520 521 lbm
520 521 libquantum
520 557 602
520 557 620
520 557 623
520 557 625
520 557 638
520 557 calculix
520 557 mcf
520 557 sphinx3
520 557 lbm
520 557 libquantum
520 602 620
520 602 623
520 602 625
520 602 638
520 602 calculix
520 602 mcf
520 602 sphinx3
520 602 lbm
520 602 libquantum
520 620 623
520 620 625
520 620 638
520 620 calculix
520 620 mcf
520 620 sphinx3
520 620 lbm
520 620 libquantum
520 623 625
520 623 638
520 623 calculix
520 623 mcf
520 623 sphinx3
520 623 lbm
520 623 libquantum
520 625 638
520 625 calculix
520 625 mcf
520 625 sphinx3
520 625 lbm
520 625 libquantum
520 638 calculix
520 638 mcf
520 638 sphinx3
520 638 lbm
520 638 libquantum
520 calculix mcf
520 calculix sphinx3
520 calculix lbm
520 calculix libquantum
520 mcf sphinx3
520 lbm mcf
520 libquantum mcf
520 lbm sphinx3
520 libquantum sphinx3
520 lbm libquantum
521 557 602
521 557 620
521 557 623
521 557 625
521 557 638
521 557 calculix
521 557 mcf
521 557 sphinx3
521 557 lbm
521 557 libquantum
521 602 620
521 602 623
521 602 625
521 602 638
521 602 calculix
521 602 mcf
521 602 sphinx3
521 602 lbm
521 602 libquantum
521 620 623
521 620 625
521 620 638
521 620 calculix
521 620 mcf
521 620 sphinx3
521 620 lbm
521 620 libquantum
521 623 625
521 623 638
521 623 calculix
521 623 mcf
521 623 sphinx3
521 623 lbm
521 623 libquantum
521 625 638
521 625 calculix
521 625 mcf
521 625 sphinx3
521 625 lbm
521 625 libquantum
521 638 calculix
521 638 mcf
521 638 sphinx3
521 638 lbm
521 638 libquantum
521 calculix mcf
521 calculix sphinx3
521 calculix lbm
521 calculix libquantum
521 mcf sphinx3
521 lbm mcf
521 libquantum mcf
521 lbm sphinx3
521 libquantum sphinx3
521 lbm libquantum
557 602 620
557 602 623
557 602 625
557 602 638
557 602 calculix
557 602 mcf
557 602 sphinx3
557 602 lbm
557 602 libquantum
557 620 623
557 620 625
557 620 638
557 620 calculix
557 620 mcf
557 620 sphinx3
557 620 lbm
557 620 libquantum
557 623 625
557 623 638
557 623 calculix
557 623 mcf
557 623 sphinx3
557 623 lbm
557 623 libquantum
557 625 638
557 625 calculix
557 625 mcf
557 625 sphinx3
557 625 lbm
557 625 libquantum
557 638 calculix
557 638 mcf
557 638 sphinx3
557 638 lbm
557 638 libquantum
557 calculix mcf
557 calculix sphinx3
557 calculix lbm
557 calculix libquantum
557 mcf sphinx3
557 lbm mcf
557 libquantum mcf
557 lbm sphinx3
557 libquantum sphinx3
557 lbm libquantum
602 620 623
602 620 625
602 620 638
602 620 calculix
602 620 mcf
602 620 sphinx3
602 620 lbm
602 620 libquantum
602 623 625
602 623 638
602 623 calculix
602 623 mcf
602 623 sphinx3
602 623 lbm
602 623 libquantum
602 625 638
602 625 calculix
602 625 mcf
602 625 sphinx3
602 625 lbm
602 625 libquantum
602 638 calculix
602 638 mcf
602 638 sphinx3
602 638 lbm
602 638 libquantum
602 calculix mcf
602 calculix sphinx3
602 calculix lbm
602 calculix libquantum
602 mcf sphinx3
602 lbm mcf
602 libquantum mcf
602 lbm sphinx3
602 libquantum sphinx3
602 lbm libquantum
620 623 625
620 623 638
620 623 calculix
620 623 mcf
620 623 sphinx3
620 623 lbm
620 623 libquantum
620 625 638
620 625 calculix
620 625 mcf
620 625 sphinx3
620 625 lbm
620 625 libquantum
620 638 calculix
620 638 mcf
620 638 sphinx3
620 638 lbm
620 638 libquantum
620 calculix mcf
620 calculix sphinx3
620 calculix lbm
620 calculix libquantum
620 mcf sphinx3
620 lbm mcf
620 libquantum mcf
620 lbm sphinx3
620 libquantum sphinx3
620 lbm libquantum
623 625 638
623 625 calculix
623 625 mcf
623 625 sphinx3
623 625 lbm
623 625 libquantum
623 638 calculix
623 638 mcf
623 638 sphinx3
623 638 lbm
623 638 libquantum
623 calculix mcf
623 calculix sphinx3
623 calculix lbm
623 calculix libquantum
623 mcf sphinx3
623 lbm mcf
623 libquantum mcf
623 lbm sphinx3
623 libquantum sphinx3
623 lbm libquantum
625 638 calculix
625 638 mcf
625 638 sphinx3
625 638 lbm
625 638 libquantum
625 calculix mcf
625 calculix sphinx3
625 calculix lbm
625 calculix libquantum
625 mcf sphinx3
625 lbm mcf
625 libquantum mcf
625 lbm sphinx3
625 libquantum sphinx3
625 lbm libquantum
638 calculix mcf
638 calculix sphinx3
638 calculix lbm
638 calculix libquantum
638 mcf sphinx3
638 lbm mcf
638 libquantum mcf
638 lbm sphinx3
638 libquantum sphinx3
638 lbm libquantum
calculix mcf sphinx3
calculix lbm mcf
calculix libquantum mcf
calculix lbm sphinx3
calculix libquantum sphinx3
calculix lbm libquantum
lbm mcf sphinx3
libquantum mcf sphinx3
lbm libquantum mcf
lbm libquantum sphinx3
505 605
519 605
520 605
521 605
557 605
602 605
605 620
605 623
605 625
605 638
605 calculix
605 mcf
605 sphinx3
605 lbm
605 libquantum
505 519 605
505 520 605
505 521 605
505 557 605
505 602 605
505 605 620
505 605 623
505 605 625
505 605 638
505 605 calculix
505 605 mcf
505 605 sphinx3
505 605 lbm
505 605 libquantum
519 520 605
519 521 605
519 557 605
519 602 605
519 605 620
519 605 623
519 605 625
519 605 638
519 605 calculix
519 605 mcf
519 605 sphinx3
519 605 lbm
519 605 libquantum
520 521 605
520 557 605
520 602 605
520 605 620
520 605 623
520 605 625
520 605 638
520 605 calculix
520 605 mcf
520 605 sphinx3
520 605 lbm
520 605 libquantum
521 557 605
521 602 605
521 605 620
521 605 623
521 605 625
521 605 638
521 605 calculix
521 605 mcf
521 605 sphinx3
521 605 lbm
521 605 libquantum
557 602 605
557 605 620
557 605 623
557 605 625
557 605 638
557 605 calculix
557 605 mcf
557 605 sphinx3
557 605 lbm
557 605 libquantum
602 605 620
602 605 623
602 605 625
602 605 638
602 605 calculix
602 605 mcf
602 605 sphinx3
602 605 lbm
602 605 libquantum
605 620 623
605 620 625
605 620 638
605 620 calculix
605 620 mcf
605 620 sphinx3
605 620 lbm
605 620 libquantum
605 623 625
605 623 638
605 623 calculix
605 623 mcf
605 623 sphinx3
605 623 lbm
605 623 libquantum
605 625 638
605 625 calculix
605 625 mcf
605 625 sphinx3
605 625 lbm
605 625 libquantum
605 638 calculix
605 638 mcf
605 638 sphinx3
605 638 lbm
605 638 libquantum
605 calculix mcf
605 calculix sphinx3
605 calculix lbm
605 calculix libquantum
605 mcf sphinx3
605 lbm mcf
605 libquantum mcf
605 lbm sphinx3
605 libquantum sphinx3
605 lbm libquantum
505 627
505 607
520 627
521 627
557 627
602 627
620 627
623 627
625 627
627 638
627 calculix
627 mcf
627 sphinx3
607 627
605 627
520 607
521 607
557 607
602 607
607 620
607 623
607 625
607 638
607 calculix
607 mcf
607 sphinx3
605 607
505 520 627
505 521 627
505 557 627
505 602 627
505 620 627
505 623 627
505 625 627
505 627 638
505 627 calculix
505 627 mcf
505 627 sphinx3
505 607 627
505 605 627
505 520 607
505 521 607
505 557 607
505 602 607
505 607 620
505 607 623
505 607 625
505 607 638
505 607 calculix
505 607 mcf
505 607 sphinx3
505 605 607
520 521 627
520 557 627
520 602 627
520 620 627
520 623 627
520 625 627
520 627 638
520 627 calculix
520 627 mcf
520 627 sphinx3
520 607 627
520 605 627
521 557 627
521 602 627
521 620 627
521 623 627
521 625 627
521 627 638
521 627 calculix
521 627 mcf
521 627 sphinx3
521 607 627
521 605 627
557 602 627
557 620 627
557 623 627
557 625 627
557 627 638
557 627 calculix
557 627 mcf
557 627 sphinx3
557 607 627
557 605 627
602 620 627
602 623 627
602 625 627
602 627 638
602 627 calculix
602 627 mcf
602 627 sphinx3
602 607 627
602 605 627
620 623 627
620 625 627
620 627 638
620 627 calculix
620 627 mcf
620 627 sphinx3
607 620 627
605 620 627
623 625 627
623 627 638
623 627 calculix
623 627 mcf
623 627 sphinx3
607 623 627
605 623 627
625 627 638
625 627 calculix
625 627 mcf
625 627 sphinx3
607 625 627
605 625 627
627 638 calculix
627 638 mcf
627 638 sphinx3
607 627 638
605 627 638
627 calculix mcf
627 calculix sphinx3
607 627 calculix
605 627 calculix
627 mcf sphinx3
607 627 mcf
605 627 mcf
607 627 sphinx3
605 627 sphinx3
605 607 627
520 521 607
520 557 607
520 602 607
520 607 620
520 607 623
520 607 625
520 607 638
520 607 calculix
520 607 mcf
520 607 sphinx3
520 605 607
521 557 607
521 602 607
521 607 620
521 607 623
521 607 625
521 607 638
521 607 calculix
521 607 mcf
521 607 sphinx3
521 605 607
557 602 607
557 607 620
557 607 623
557 607 625
557 607 638
557 607 calculix
557 607 mcf
557 607 sphinx3
557 605 607
602 607 620
602 607 623
602 607 625
602 607 638
602 607 calculix
602 607 mcf
602 607 sphinx3
602 605 607
607 620 623
607 620 625
607 620 638
607 620 calculix
607 620 mcf
607 620 sphinx3
605 607 620
607 623 625
607 623 638
607 623 calculix
607 623 mcf
607 623 sphinx3
605 607 623
607 625 638
607 625 calculix
607 625 mcf
607 625 sphinx3
605 607 625
607 638 calculix
607 638 mcf
607 638 sphinx3
605 607 638
607 calculix mcf
607 calculix sphinx3
605 607 calculix
607 mcf sphinx3
605 607 mcf
605 607 sphinx3
