602 605 625
521 602 lbm
623 638 lbm
620 calculix mcf
521 557 lbm
505 602 sphinx3
605 625 calculix
505 sphinx3
602 605 sphinx3
520 521 557
521 557 623
519 557 calculix
520 602 625
505 521 620
520 557 620
520 623 638
625 calculix mcf
602 605
557 lbm
521 calculix mcf
520 623 sphinx3
521 605 calculix
521 557 605
520 521 602
520 557 623
521 620 lbm
519 557 sphinx3
505 625 calculix
620 625 mcf
602 mcf sphinx3
602 lbm sphinx3
520 605 625
623 625 mcf
505 521 638
521 lbm
521 605 625
521 620 638
mcf sphinx3
638 lbm
505 mcf sphinx3
623 625 lbm
505 520 602
520 620 625
520 521 623
520 623
519 521
505 521 625
623 lbm sphinx3
557 623 lbm
505 521
520 620 sphinx3
521 625 lbm
505 520 625
calculix mcf sphinx3
521 557 620
557 605 calculix
505 623 625
520 620
602 623 sphinx3
620 lbm sphinx3
505 620 638
505 calculix
521 mcf sphinx3
519 602 calculix
519 602 sphinx3
625 lbm
521 620 mcf
602 620 625
557 calculix mcf
521 602 sphinx3
505 520 calculix
520 521 mcf
557 620 sphinx3
505 calculix mcf
638 mcf sphinx3
605 620 sphinx3
557 623 calculix
520 521 620
602 calculix lbm
520 557 625
625 mcf sphinx3
623 mcf
520 605 sphinx3
520 521 625
505 557 calculix
602 638 lbm
620 lbm
557 605 sphinx3
605 625
605 623 sphinx3
521 605 sphinx3
519 521 602
605 620 calculix
623 calculix mcf
519 521 557
557 605 625
602 623 625
calculix mcf
620 625 calculix
521 602 638
557 602 605
557 625 mcf
521 638 lbm
520 602 620
620 623 638
625 638 mcf
521 605 638
602 620 638
505 602 calculix
520 625 sphinx3
505 557 mcf
505 620 625
620 623 sphinx3
520 calculix mcf
505 638 sphinx3
602 605 calculix
638 lbm sphinx3
519 623 625
557 602 620
505 602
602 623
505 625 638
623 mcf sphinx3
519 calculix
520 521
557 605
623 calculix lbm
520 557 mcf
521 620 623
519 521 625
520 605 623
505 625 mcf
505 557 625
505 557
620 calculix sphinx3
557 638 mcf
520 mcf
505 calculix sphinx3
519 calculix sphinx3
505 521 calculix
520 calculix sphinx3
557 620 mcf
521 625 mcf
519 557 625
602 mcf
521 602 calculix
505 520
605 638 sphinx3
519 557 602
521 605 620
557 605 638
605 625 638
520 521 calculix
520 521 sphinx3
605 calculix sphinx3
557 623 sphinx3
519 521 sphinx3
557 602 623
505 557 638
519 625 sphinx3
505 625
620 638 lbm
521 557 602
557 620 lbm
505 623
557 623 mcf
519 625 calculix
557 620 623
519 602
605 623 638
520 605 638
505 620 calculix
520 623 calculix
520 602 mcf
520 557 sphinx3
505 557 620
519 625
602 620 sphinx3
557 620
505 620 sphinx3
520 620 calculix
521 602 623
505 520 521
605 620 625
620 638 mcf
calculix lbm sphinx3
638 calculix lbm
519 521 calculix
620 623 625
557 602 lbm
519 602 625
557 623
605 623 625
521 lbm sphinx3
519 557
602 lbm
521 620 625
625 calculix lbm
519 623 calculix
520 605
557 605 620
521 623
lbm sphinx3
557 638 lbm
505 625 sphinx3
505 520 638
505 521 sphinx3
520 605 calculix
557 625 lbm
520 557 602
605 638 calculix
521 620
519 638 calculix
602 623 calculix
505 620
520 557 calculix
521 602 620
557 623 625
520 602
620 623 calculix
519 623 sphinx3
602 605 638
557 623 638
620 mcf sphinx3
519 sphinx3
521 605
521 620 sphinx3
505 602 638
520 602 sphinx3
520 623 625
520 638 sphinx3
605 625 sphinx3
505 520 sphinx3
605 623 calculix
505 638 calculix
calculix lbm
505 521 mcf
505 602 625
620 638 sphinx3
519 602 623
520 521 605
620 mcf
605 638
520 625 calculix
520 557
602 625 lbm
557 mcf
521 mcf
557 620 625
520 625 mcf
521 602
605 calculix
521 602 625
557 calculix lbm
623 lbm
620 623
623 638 mcf
505 557 sphinx3
605 620 638
638 mcf
605 620
505 623 calculix
519 557 623
638 calculix mcf
505 638 mcf
521 638 mcf
505 623 638
602 620
519 521 623
625 638 lbm
620 calculix lbm
625 lbm sphinx3
557 lbm sphinx3
602 638 mcf
605 623
520 557 605
602 625 mcf
519 638
521 620 calculix
521 623 sphinx3
519 625 638
520 557 638
505 623 sphinx3
620 625 lbm
602 calculix mcf
557 mcf sphinx3
520 sphinx3
505 520 557
602 620 calculix
505 mcf
521 calculix lbm
602 623 638
520 mcf sphinx3
605 sphinx3
505 557 623
557 605 623
