623 625 calculix
521 602
602 605
620 calculix sphinx3
505 557 calculix
505 625
521 625 calculix
557 602
505 521
557 638 calculix
521 620 sphinx3
520 calculix
520 625
620 623 calculix
638 calculix mcf
520 521 638
557 625
602 623 sphinx3
521 calculix sphinx3
521 625 638
605 623
620 638 sphinx3
623 638
623 625 638
605 638 calculix
520 620 623
625 sphinx3
623 sphinx3
602 623 638
602 620 625
521 620 625
605 sphinx3
605 calculix
602 620 623
505 625 calculix
520 638 calculix
557 623 calculix
505 638
602 620
calculix lbm
557 623 625
505 620
623 625
520 623 calculix
520 557
521 625
505 602 sphinx3
557 623 638
calculix sphinx3
625 calculix mcf
505 602
557 620 638
520 calculix sphinx3
505 sphinx3
623 638 sphinx3
620 625
557 sphinx3
mcf sphinx3
505 623 sphinx3
620 625 sphinx3
505 557 625
602 620 calculix
520 602 623
605 625
505 521 sphinx3
520 557 602
520 557 620
520 620
638 lbm
521 557 638
521 605
620 623 625
557 625 638
557 mcf
521 620 calculix
521 557
calculix mcf sphinx3
521 623 638
calculix mcf
lbm sphinx3
520 sphinx3
520 623 625
521 620 623
521 mcf
557 625 calculix
520 521 sphinx3
625 mcf sphinx3
505 638 sphinx3
505 557 sphinx3
602 calculix
602 mcf
505 557 638
520 557 623
557 620
505 625 638
520 557 625
521 623 625
620 623
520 521 602
557 602 620
520 602 638
623 calculix
557 623 sphinx3
521 638
505 557
520 557 638
505 623
638 mcf sphinx3
602 sphinx3
520 557 calculix
505 521 638
520 623 sphinx3
520 620 625
625 calculix sphinx3
521 620 638
638 mcf
602 625 638
625 mcf
625 638 mcf
520 625 sphinx3
520 602
620 623 638
505 625 sphinx3
520 623 638
557 mcf sphinx3
623 625 sphinx3
620 calculix
520 638
505 calculix
505 mcf
602 620 sphinx3
520 602 625
505 520
557 620 sphinx3
521 623 calculix
520 623
620 625 638
521 sphinx3
520 620 638
521 623
520 620 calculix
602 623
557 638 mcf
623 calculix sphinx3
620 625 calculix
521 calculix
620 638 calculix
521 638 sphinx3
557 605
521 638 calculix
520 602 sphinx3
620 623 sphinx3
520 620 sphinx3
557 620 calculix
623 638 calculix
520 521 620
602 638
505 521 calculix
605 638
620 638
602 620 638
505 521 625
520 521 557
520 521 625
520 557 sphinx3
520 521 623
521 557 620
602 623 calculix
505 638 calculix
557 638 sphinx3
521 602 620
520 602 calculix
620 sphinx3
520 mcf
520 521
520 638 sphinx3
520 625 638
623 mcf
620 mcf
521 557 calculix
520 625 calculix
602 625
505 calculix sphinx3
557 623
520 521 calculix
602 638 calculix
521 620
557 620 623
625 638 sphinx3
520 602 620
557 620 625
