602 625 638
520 557 623
521 620
557 620
505 sphinx3
505 620 calculix
505 638 sphinx3
521 557 sphinx3
520 602
557 605 638
620 638 mcf
521 620 calculix
521 557 625
623 625 sphinx3
505 620 625
521 623 calculix
557 605 sphinx3
557 623 625
519 521
calculix mcf sphinx3
620 mcf sphinx3
602 623 638
620 623
605 623 sphinx3
521 638 sphinx3
520 557 sphinx3
521 625 calculix
520 mcf sphinx3
623 mcf sphinx3
620 calculix
505 521 calculix
505 602 sphinx3
520 557 mcf
505 521 625
520 557 638
620 mcf
605 calculix sphinx3
521 602 sphinx3
602 mcf
520 620
605 638
505 638 calculix
623 sphinx3
638 calculix lbm
505 620
505 557 calculix
602 625 sphinx3
557 602 620
557 602 623
calculix mcf
557 623
519 557
625 calculix mcf
521 625 mcf
521 620 sphinx3
520 623 sphinx3
505 557 sphinx3
602 625 mcf
505 602 625
505 623 625
557 605
602 623 625
505 620 sphinx3
623 638 mcf
520 521 623
calculix lbm
505 520 602
625 638 mcf
505 625 638
557 620 sphinx3
520 602 620
602 623
520 623 625
602 638 mcf
505 520 625
602 sphinx3
557 638 sphinx3
623 638
602 calculix sphinx3
620 calculix sphinx3
623 calculix mcf
625 calculix lbm
520 521 602
521 623
520 620 sphinx3
505 521 638
620 638
620 623 625
602 620 638
557 620 625
602 lbm
505 520
521 calculix mcf
605 625
625 638 lbm
521 602 calculix
521 625 sphinx3
557 mcf
520 521 mcf
557 602
521 623 sphinx3
520 605
521 625
602 605
505 638
620 sphinx3
557 602 calculix
557 605 calculix
557 620 623
521 sphinx3
520 625 mcf
605 625 calculix
602 calculix
625 lbm
521 605 sphinx3
557 lbm
520 calculix sphinx3
557 625 sphinx3
505 calculix
623 625 calculix
602 623 calculix
520 521 calculix
557 602 625
557 calculix sphinx3
505 557 620
521 602 623
620 625 sphinx3
521 620 625
521 602 638
520 602 sphinx3
557 625 mcf
605 638 sphinx3
557 620 mcf
520 521 638
505 520 sphinx3
520 sphinx3
519 625
520 calculix
605 620 sphinx3
520 638 calculix
505 557 638
638 lbm
505 521
638 calculix mcf
625 mcf
520 602 mcf
520 mcf
521 calculix sphinx3
lbm sphinx3
520 557 625
605 620
605 calculix
620 623 638
521 623 638
505 521 620
620 625 638
520 557 602
mcf sphinx3
521 557 calculix
521 mcf
521 557 638
520 605 623
505 calculix sphinx3
521 602
620 623 sphinx3
521 lbm
623 lbm
519 calculix
520 638 mcf
519 602
505 620 638
521 625 638
520 521 557
505 520 calculix
520 521 625
605 638 calculix
505 602 638
557 mcf sphinx3
505 623 sphinx3
520 620 625
520 calculix mcf
602 625 calculix
557 623 calculix
505 521 sphinx3
520 620 638
520 620 calculix
520 638 sphinx3
623 calculix sphinx3
505 623
521 620 623
505 520 557
520 623 calculix
623 mcf
521 638 mcf
505 mcf
620 625 mcf
623 calculix
521 605
505 557
520 605 sphinx3
521 602 625
521 620 mcf
520 557
557 620 calculix
520 521 620
521 623 625
520 521
505 623 638
505 602
520 625
505 520 638
505 602 calculix
638 mcf sphinx3
520 623 638
557 calculix mcf
557 605 625
557 638 mcf
605 623
520 557 calculix
620 lbm
520 625 calculix
602 620 calculix
505 623 calculix
557 623 mcf
521 557 602
623 625 mcf
520 625 sphinx3
505 557 625
520 602 625
521 605 625
520 602 calculix
521 557 620
602 calculix mcf
620 calculix mcf
623 625 638
520 557 620
521 mcf sphinx3
520 638
602 638 sphinx3
519 623
520 623
505 557 623
557 602 sphinx3
521 557
505 520 521
602 605 sphinx3
505 625 calculix
620 623 calculix
605 625 638
620 625
602 620
602 625
602 620 625
505 625
605 sphinx3
557 602 638
519 sphinx3
602 620 sphinx3
602 mcf sphinx3
557 620 638
521 602 620
520 625 638
625 mcf sphinx3
620 638 sphinx3
521 557 623
557 623 638
557 602 605
520 602 638
620 638 calculix
557 623 sphinx3
520 521 sphinx3
623 638 sphinx3
620 625 calculix
623 625
521 620 638
638 mcf
557 sphinx3
519 638
602 623 sphinx3
