521 602 calculix
620 sphinx3
521 620 calculix
602 623
505 521 sphinx3
605 620
602 623 calculix
521 623
521 602 620
620 623 sphinx3
calculix mcf
557 605 calculix
602 calculix mcf
602 623 638
505 623 sphinx3
620 625
638 lbm
521 557 623
521 638 sphinx3
623 mcf
520 sphinx3
625 638 lbm
520 620 sphinx3
505 620 sphinx3
521 mcf sphinx3
505 623 638
557 lbm
623 sphinx3
623 625 calculix
638 mcf
505 521
521 620 sphinx3
505 638
520 620 623
520 557 623
520 602 620
602 mcf
620 lbm
521 605 625
520 521 calculix
505 557 638
602 lbm
602 calculix
602 620 638
520 602 sphinx3
557 623 calculix
605 625
602 623 sphinx3
520 623 sphinx3
505 520 sphinx3
520 605 sphinx3
519 623
620 625 sphinx3
623 625 sphinx3
623 638 sphinx3
605 sphinx3
521 638 mcf
557 638 sphinx3
602 sphinx3
505 557 sphinx3
557 620 625
521 602 sphinx3
557 602 623
557 620 sphinx3
521 605 sphinx3
520 620 638
638 calculix lbm
520 602
calculix mcf sphinx3
620 623 calculix
623 625
605 calculix
505 520
557 620 623
521 602 625
521 625 638
520 521
625 lbm
623 638 calculix
557 620 638
520 625 sphinx3
520 calculix sphinx3
521 623 calculix
602 625 638
557 calculix mcf
520 625 638
557 625 sphinx3
620 623 625
521 623 sphinx3
521 lbm
520 521 625
557 623 638
519 sphinx3
557 638 mcf
602 605
520 623 625
605 623
623 calculix
602 638 mcf
505 602 625
602 620 sphinx3
505 sphinx3
557 623 sphinx3
520 557 602
521 623 625
520 557
620 625 638
557 623
505 mcf
521 605
557 605
519 557
505 638 sphinx3
520 623 calculix
505 623 calculix
521 557
mcf sphinx3
520 521 602
521 557 638
620 638
521 623 638
521 557 625
520 620 625
520 521 sphinx3
602 620
505 623
623 calculix sphinx3
620 mcf
557 602 620
605 623 sphinx3
520 557 calculix
605 638
520 557 620
605 620 sphinx3
521 625 calculix
557 mcf sphinx3
520 521 620
557 623 625
505 625 sphinx3
520 521 557
625 mcf sphinx3
505 602 calculix
520 620
521 620 638
520 calculix
calculix lbm
505 calculix sphinx3
520 mcf sphinx3
520 623 638
505 602 sphinx3
505 623 625
620 623 638
557 sphinx3
520 605 623
557 602 605
520 625
521 557 620
557 605 sphinx3
521 625 mcf
505 calculix
520 557 625
557 620 calculix
620 623
620 625 calculix
520 602 623
521 602 623
638 calculix mcf
520 557 sphinx3
520 638 calculix
557 602 calculix
521 620
505 620
521 620 623
505 625
625 calculix lbm
505 521 638
602 620 625
605 638 calculix
520 638 sphinx3
620 calculix
521 mcf
521 calculix mcf
623 lbm
520 605
521 620 625
505 521 625
557 625 mcf
605 625 calculix
520 mcf
505 625 calculix
602 625 sphinx3
620 638 calculix
520 638
602 620 calculix
521 625
520 620 calculix
505 602
505 557 calculix
520 521 638
520 557 638
620 638 sphinx3
521 557 sphinx3
520 521 623
623 625 638
623 638
602 620 623
505 638 calculix
520 625 calculix
620 mcf sphinx3
lbm sphinx3
521 sphinx3
521 557 calculix
602 638 calculix
638 mcf sphinx3
557 602 625
602 623 625
521 625 sphinx3
520 602 638
625 mcf
520 623
519 625
505 521 calculix
602 605 sphinx3
557 mcf
625 638 mcf
557 602 sphinx3
557 602
521 602
505 557
557 620
505 557 625
521 557 602
521 calculix sphinx3
602 625
625 calculix mcf
505 602 638
520 602 calculix
520 602 625
620 calculix sphinx3
505 625 638
