620 625 lbm
557 602 605
605 625
605 625 sphinx3
520 623 mcf
557 623 sphinx3
625 libquantum
620 625 mcf
520 mcf
521 623 libquantum
557 605 625
520 557 sphinx3
557 638 libquantum
620 mcf
620 638 lbm
520 623 625
520 521 mcf
521 lbm
557 602 638
520 557 calculix
557 605 638
521 623 sphinx3
505 623 625
520 557 lbm
623 mcf
519 520 calculix
520 521 623
520 557 602
520 620 sphinx3
505 557 625
520 625 calculix
519 625 sphinx3
557 605 623
557 602
620 sphinx3
519 521 sphinx3
602 638 mcf
602 620 mcf
625 libquantum sphinx3
625 calculix mcf
521 605 calculix
519 625 638
602 623 638
521 602 lbm
602 605 638
520 557 623
521 620 mcf
519 557 602
521 calculix libquantum
521 625 mcf
519 557 sphinx3
623 calculix libquantum
520 602 calculix
520 calculix lbm
623 lbm
519 557 638
638 mcf
521 625 lbm
519 sphinx3
520 620 638
521 623 calculix
520 605 calculix
605 calculix mcf
638 lbm sphinx3
520 521 sphinx3
521 557 libquantum
calculix lbm sphinx3
519 557
520 521 lbm
520 sphinx3
602 mcf sphinx3
520 605
505 557 620
520 605 623
520 625 lbm
623 lbm sphinx3
620 625 calculix
519 623 625
557 602 libquantum
505 620 625
520 lbm
602 638 lbm
623 calculix sphinx3
557 623 mcf
519 520
505 602 mcf
557 605
calculix mcf
557 638 mcf
521 602 calculix
521 620
505 521 sphinx3
505 605 638
521 557 sphinx3
519 521 557
521 557 lbm
557 602 lbm
625 mcf sphinx3
605 623
625 mcf
620 mcf sphinx3
505 623
521 557 calculix
520 605 625
557 lbm
557 623
519 620
505 520
521 620 sphinx3
602 lbm sphinx3
623 mcf sphinx3
505 557
620 623 sphinx3
557 602 mcf
libquantum sphinx3
557 620 lbm
602 623 libquantum
557 605 calculix
602 625 mcf
505 602 625
505 605 calculix
521 605 620
521 620 libquantum
620 calculix libquantum
520 623 lbm
638 calculix libquantum
505 557 calculix
625 638 libquantum
519 602 623
557 602 620
519 557 calculix
521 libquantum sphinx3
557 605 sphinx3
620 calculix mcf
602 605
605 mcf
602 605 623
505 520 625
605 638 mcf
519 625 calculix
557 623 638
520 638 lbm
505 521 mcf
520 521 602
520 638 mcf
602 625 libquantum
620 638 sphinx3
521 602 625
521 602
lbm sphinx3
623 625
521 605 mcf
520 620 calculix
520 521 620
519 521
638 calculix mcf
calculix libquantum
505 605 623
557 625 lbm
505 520 sphinx3
505 638 mcf
557 602 623
520 602 mcf
521 620 calculix
557 calculix libquantum
557 libquantum
521 605
519 calculix sphinx3
505 520 557
605 625 638
519 625
638 mcf sphinx3
519 602 625
505 620
521 557 602
521 557 620
521 620 625
505 557 638
557 620 libquantum
520 521 557
519 calculix
623 625 mcf
602 620 libquantum
520 521
602 620 625
505 521 557
520 557 mcf
519 638 sphinx3
519 623 638
557 625 libquantum
557 calculix mcf
521 623 lbm
602 620 calculix
602 calculix sphinx3
505 623 calculix
625 lbm sphinx3
557 620
620 lbm
505 sphinx3
605 calculix sphinx3
620 libquantum
521 602 sphinx3
520 mcf sphinx3
620 638 calculix
521 623
520 638 calculix
602 620 623
519 623
505 521 625
605 638 calculix
519 520 638
557 mcf
557 602 625
625 calculix libquantum
521 557 623
605 sphinx3
519 557 623
620 calculix sphinx3
521 557 605
505 520 638
557 620 623
521 602 620
505 625 sphinx3
557 620 625
519 521 calculix
623 638 mcf
520 calculix sphinx3
620 lbm sphinx3
520 557 625
505 calculix sphinx3
505 602 638
calculix libquantum sphinx3
620 libquantum sphinx3
519 623 calculix
625 638 lbm
605 calculix
520 602 sphinx3
521 625 libquantum
605 638 sphinx3
519 521 602
520 625 sphinx3
620 623
620 623 libquantum
calculix lbm
602 605 625
520 557 620
605 623 mcf
521 638 mcf
620 625 638
505 623 638
521 602 623
602 638 libquantum
521 620 lbm
520 625 mcf
521 mcf
520 521 638
505 mcf sphinx3
620 638 mcf
520 605 638
602 sphinx3
620 623 625
620 625 libquantum
557 620 mcf
505 625 calculix
520 602 620
521 libquantum
505 557 605
505 521 605
521 602 638
505 620 638
521 605 sphinx3
520 lbm sphinx3
605 620 638
520 calculix mcf
521 605 625
505 520 521
520 625 638
519 557 625
520 620 625
521 605 623
623 sphinx3
557 mcf sphinx3
505 557 mcf
620 623 638
505 557 602
557 libquantum sphinx3
505 520 602
623 calculix
625 638 mcf
519 638 calculix
520 557 638
557 605 620
602 623
620 625
557 625 mcf
520 620 623
505 602 620
520 623
505 602 sphinx3
623 625 libquantum
505 520 calculix
557 602 sphinx3
519 521 623
620 calculix lbm
623 libquantum sphinx3
520 557 605
505 638
505 557 623
557 623 calculix
623 libquantum
623 625 638
519 602 638
605 625 calculix
602 625 lbm
605 620 623
519 602 calculix
557 623 libquantum
505 602 calculix
557 638 lbm
557 620 638
605 623 625
605 mcf sphinx3
calculix mcf sphinx3
557 lbm sphinx3
505 521 calculix
520 521 calculix
505 602
557 calculix lbm
602 605 calculix
519 623 sphinx3
521 mcf sphinx3
638 libquantum
505 calculix mcf
505 521
519 620 638
520 623 sphinx3
625 lbm
505 521 623
505 521 620
520 602 605
623 calculix mcf
605 623 calculix
505 605
519 638
505 557 sphinx3
521 602 libquantum
605 623 638
520 602 623
623 625 sphinx3
605 625 mcf
521 638 lbm
505 623 mcf
625 calculix lbm
mcf sphinx3
521 620 623
521 557 638
557 620 sphinx3
505 625
521 605 638
520 620
520 638 sphinx3
505 625 mcf
505 521 638
520 623 638
602 623 calculix
505 605 sphinx3
602 620 lbm
505 620 calculix
519 521 625
602 605 mcf
520 521 625
605 620 calculix
505 520 623
602 calculix libquantum
605 620 625
520 521 605
602 libquantum sphinx3
605 620
520 602 lbm
602 623 sphinx3
521 lbm sphinx3
602 620 sphinx3
623 638 sphinx3
520 625
623 638 libquantum
638 libquantum sphinx3
620 623 calculix
602 623 625
519 620 calculix
605 638
605 623 sphinx3
505 605 625
638 calculix lbm
520 605 sphinx3
519 521 638
520 623 calculix
638 lbm
505 623 sphinx3
505 625 638
557 620 calculix
505 calculix
602 lbm
605 620 sphinx3
602 620
557 623 lbm
623 625 lbm
620 638 libquantum
602 calculix lbm
505 620 sphinx3
505 mcf
602 605 sphinx3
623 calculix lbm
521 623 mcf
557 623 625
521 638 libquantum
520 602
520 557
521 calculix mcf
602 mcf
602 620 638
505 638 calculix
519 602 sphinx3
521 620 638
602 calculix mcf
623 638 lbm
505 638 sphinx3
620 625 sphinx3
521 557
602 605 620
602 libquantum
521 623 625
521 calculix lbm
519 602
520 602 625
505 lbm
521 557 625
557 605 mcf
