620 623 sphinx3
520 605 sphinx3
605 calculix
505 521 mcf
521 602 620
557 620 lbm
520 605 625
505 521 625
521 620 calculix
519 557 625
505 557 mcf
521 mcf
638 calculix lbm
602 605 sphinx3
521 620 625
605 623 638
557 605 620
602 620 623
557 620 623
519 625
602 623 sphinx3
505 mcf sphinx3
620 mcf sphinx3
505 521 calculix
520 602 mcf
520 521 557
625 638 lbm
520 623 sphinx3
520 557 mcf
519 638
602 620 sphinx3
557 625 lbm
505 521 620
605 620 625
505 623 625
557 605 638
605 625 638
605 620 638
505 602 638
519 625 sphinx3
623 mcf sphinx3
520 623 638
620 lbm sphinx3
505 521
520 620 sphinx3
520 557 602
620 623 625
602 calculix lbm
638 lbm sphinx3
521 620 623
521 638 lbm
557 602 620
602 lbm sphinx3
520 602 620
602 638 lbm
638 lbm
557 calculix mcf
calculix lbm sphinx3
605 638 sphinx3
521 620 mcf
521 605 638
623 625 mcf
505 602 calculix
620 638 lbm
557 620 mcf
605 620 sphinx3
623 638 lbm
557 605 calculix
557 623 lbm
620 calculix mcf
520 557 sphinx3
mcf sphinx3
557 605 sphinx3
520 521 605
520 557 625
505 623 sphinx3
521 638 mcf
521 605 625
602 638 mcf
557 638 mcf
520 605 calculix
505 602
521 620 sphinx3
602 625 lbm
505 623
557 623 mcf
505 520 625
505 620 625
605 625
520 521 sphinx3
625 lbm
521 557 620
557 605
557 605 623
505 521 638
520 620 623
520 623 calculix
521 605 calculix
519 638 calculix
520 623 625
623 calculix lbm
519 638 sphinx3
602 mcf sphinx3
521 620 lbm
623 lbm
521 602 623
620 calculix lbm
602 605 638
602 605
602 calculix mcf
521 625 lbm
520 521 623
557 605 625
557 625 mcf
505 calculix mcf
505 557 calculix
620 625 lbm
505 625 mcf
lbm sphinx3
605 638
605 620 calculix
638 mcf sphinx3
602 lbm
557 calculix lbm
602 mcf
623 mcf
520 521 mcf
623 calculix mcf
519 557 sphinx3
520 521 602
505 623 638
620 625 mcf
519 602
557 mcf
505 602 625
602 620 calculix
605 625 sphinx3
505 557
519 557 calculix
521 605 620
605 638 calculix
520 557 623
605 623 625
620 623 calculix
521 605
623 638 mcf
519 521
505 638 mcf
521 lbm
519 calculix
605 623 calculix
520 557 605
505 623 calculix
505 520 sphinx3
557 602 623
520 625 mcf
521 mcf sphinx3
605 625 calculix
calculix mcf sphinx3
605 623 sphinx3
519 625 calculix
620 lbm
602 623 625
520 mcf sphinx3
521 625 mcf
520 605 623
605 calculix sphinx3
519 557
602 620 625
602 605 calculix
602 623 calculix
602 625 mcf
519 623
521 calculix mcf
505 sphinx3
605 sphinx3
521 calculix lbm
623 625 lbm
505 mcf
519 557 638
519 sphinx3
505 602 sphinx3
625 638 mcf
520 521 625
520 602 623
520 602 625
505 625
623 lbm sphinx3
519 calculix sphinx3
520 602 605
521 605 sphinx3
519 625 638
557 602 605
505 520 602
602 623 638
505 557 638
505 520 557
625 calculix lbm
505 557 620
505 620 sphinx3
calculix lbm
505 557 623
520 602 sphinx3
557 638 lbm
520 521 620
602 605 625
520 557 620
505 520 521
520 620 625
557 lbm
