521 638 calculix
605 625 calculix
602 623 sphinx3
521 620 calculix
625 calculix sphinx3
505 520 sphinx3
520 521 calculix
520 625 638
calculix mcf
557 620 sphinx3
505 602
557 620 calculix
505 602 638
602 620 638
520 sphinx3
520 521 638
520 638 calculix
602 605 sphinx3
520 620 sphinx3
505 520
520 calculix
521 620 638
505 557
620 623 calculix
557 sphinx3
calculix lbm
505 557 calculix
623 sphinx3
521 623 638
calculix mcf sphinx3
557 602 620
521 623 625
638 lbm
505 mcf
557 625 calculix
557 620 625
623 625 calculix
623 calculix
505 521 calculix
625 mcf sphinx3
602 mcf
505 521
620 638
520 521 602
602 638 calculix
519 602
625 638 mcf
605 625
520 521
602 620 625
620 625 calculix
623 625
557 mcf
520 623 sphinx3
605 623 sphinx3
520 557 638
557 623 625
505 620
557 625 638
520 623 calculix
602 calculix mcf
557 625
520 521 625
521 620 sphinx3
602 620 calculix
557 602
505 625
505 625 sphinx3
520 557 602
521 557 620
520 557 calculix
505 602 625
520 602 calculix
557 623 sphinx3
605 620 sphinx3
520 623
620 623 sphinx3
557 623 638
557 638 mcf
602 605
620 623 625
505 602 sphinx3
625 mcf
605 638 calculix
505 521 sphinx3
638 calculix lbm
620 sphinx3
521 lbm
623 mcf
602 623 calculix
520 625 calculix
505 557 sphinx3
520 557 sphinx3
520 602 638
602 623 638
505 557 625
620 638 calculix
557 lbm
505 623 625
620 623
520 521 623
520 620
521 mcf sphinx3
505 625 calculix
520 521 620
520 605 623
520 602 623
505 638 calculix
625 calculix lbm
625 calculix mcf
520 623 638
520 620 623
625 lbm
505 623 638
602 620
521 557 calculix
520 mcf sphinx3
520 557 620
557 620
623 625 638
638 mcf
520 602 sphinx3
520 620 calculix
623 lbm
605 sphinx3
557 623 calculix
602 sphinx3
623 638 sphinx3
602 625 638
520 623 625
520 557 625
557 mcf sphinx3
calculix sphinx3
521 620 623
602 620 623
605 calculix
557 605
505 638
521 625 mcf
557 605 calculix
521 557
520 557
521 605 sphinx3
505 638 sphinx3
mcf sphinx3
505 602 calculix
605 620
557 623
557 620 638
520 602
521 623 calculix
602 calculix
625 sphinx3
602 620 sphinx3
557 620 623
520 602 625
520 620 625
623 calculix sphinx3
521 602
521 calculix mcf
521 calculix
623 625 sphinx3
520 620 638
520 605 sphinx3
519 623
505 calculix sphinx3
521 602 620
623 638
505 557 638
505 623
519 557
521 sphinx3
521 638
520 calculix sphinx3
520 605
505 623 sphinx3
620 mcf sphinx3
505 620 sphinx3
520 625 sphinx3
620 mcf
520 625
521 605
623 638 calculix
521 625 638
557 605 sphinx3
521 625 calculix
520 638
620 lbm
605 638
557 638 sphinx3
521 638 mcf
520 mcf
505 521 625
602 638
519 625
620 625 638
505 calculix
505 623 calculix
625 638 lbm
521 605 625
521 623
521 625
620 638 sphinx3
505 521 638
521 620
505 625 638
605 623
602 625
520 638 sphinx3
521 638 sphinx3
602 605 623
520 557 623
625 638 sphinx3
lbm sphinx3
520 521 sphinx3
520 521 557
602 lbm
638 calculix mcf
602 623
519 sphinx3
620 625
602 638 mcf
521 calculix sphinx3
521 mcf
638 mcf sphinx3
620 625 sphinx3
521 557 605
557 602 605
605 620 623
620 calculix sphinx3
521 557 638
521 620 625
620 623 638
620 calculix
505 sphinx3
520 602 620
557 638 calculix
