605 638
557 638
521 625
605 623
520 623 calculix
602 623
620 623 sphinx3
505 557
602 sphinx3
521 623 625
623 625 sphinx3
505 557 sphinx3
620 625
602 620
557 623
520 calculix
521 605
620 sphinx3
520 521 623
620 623 638
605 calculix
557 623 638
520 620 623
520 521
557 calculix
557 623 625
557 620 623
521 638
557 602
521 620
520 557 623
605 sphinx3
520 602 623
625 mcf
521 623 638
520 557
625 calculix sphinx3
623 638
625 638 sphinx3
520 623 sphinx3
620 623 calculix
602 638
505 calculix
mcf sphinx3
calculix sphinx3
520 sphinx3
521 623 calculix
623 625
623 calculix sphinx3
521 sphinx3
520 521 sphinx3
620 calculix sphinx3
602 calculix
520 602
520 623
521 623
521 625 calculix
625 sphinx3
521 calculix
520 557 sphinx3
638 calculix sphinx3
602 625
602 620 623
623 638 sphinx3
557 623 calculix
623 calculix
620 638
602 605
638 mcf
505 625
505 557 625
calculix mcf
520 602 620
638 sphinx3
521 602
521 620 623
520 620 sphinx3
521 557
520 625 sphinx3
520 623 625
521 620 sphinx3
620 623
520 638 sphinx3
505 sphinx3
620 calculix
557 sphinx3
605 625
520 620
505 638
521 625 638
557 625
623 sphinx3
521 638 calculix
520 638
520 calculix sphinx3
620 638 sphinx3
557 620 sphinx3
620 625 sphinx3
505 calculix sphinx3
520 625
505 638 sphinx3
557 605
505 625 sphinx3
620 623 625
557 620
520 623 638
