****************** 
505 14860809639 26396101415 202882612 423232337 0.562993 
519 20000167407 26393009281 325287245 553036836 0.757783 
****************** 
505 20000055175 33094604578 253321942 590146814 0.604330 
520 18480737984 33061409289 159992081 397210404 0.558982 
****************** 
505 12996108647 20834975659 155490848 372649921 0.623764 
521 20000221756 20658533416 75637584 138457416 0.968134 
****************** 
505 19254213221 30522729417 235932513 568263128 0.630816 
557 20000094867 30516673354 84151361 195761291 0.655383 
****************** 
505 20000064031 30075618837 232408735 592419066 0.664993 
602 5430240770 30077032120 138463640 143672787 0.180544 
****************** 
505 20000065175 31820484599 246421627 590272114 0.628528 
620 17534948494 31789414293 157558947 376921585 0.551597 
****************** 
505 20000032839 31807054904 251633024 591598515 0.628792 
623 10415251518 31767842442 183640465 346392597 0.327855 
****************** 
505 5333916928 8023239214 58393657 148587163 0.664808 
625 20000794979 7324655124 10906193 17691467 2.730613 
****************** 
505 7223566654 10663928906 76582807 200898579 0.677383 
638 20000255480 9919030239 1913167 59156828 2.016352 
****************** 
505 6411713175 9688767531 71091279 179532006 0.661768 
calculix 20000588124 9317497322 9063517 90641450 2.146562 
****************** 
505 20000036371 31660546437 241235407 589491208 0.631702 
mcf 10995653504 31658162035 381630697 967993256 0.347324 
****************** 
505 17834115814 28054485468 219017737 525014947 0.635696 
sphinx3 20000139519 26616103704 104578286 244230809 0.751430 
****************** 
505 16650062313 29625652616 231964453 486525220 0.562015 
lbm 20000115502 29247945038 364702020 617006205 0.683813 
****************** 
505 16770060902 29753567394 224137578 487570020 0.563632 
libquantum 20000146638 29702306039 566358274 634378226 0.673353 
****************** 
519 20000024830 27707527009 427027373 554645507 0.721826 
520 13173367095 27681481133 143700143 289968327 0.475891 
****************** 
519 18973055903 25553047618 332418862 525925619 0.742497 
521 20000213629 25358057974 128683894 145923687 0.788712 
****************** 
519 20000045397 26519036263 344647361 554331612 0.754177 
557 13823710157 26508274237 103793538 135455620 0.521487 
****************** 
519 20000094544 26265696102 338981818 554389214 0.761453 
602 4575169569 26263272874 120141521 122136436 0.174204 
****************** 
519 20000031184 27080367896 379221123 554911417 0.738544 
620 11353179290 27060350186 163316160 257300392 0.419550 
****************** 
519 20000128725 26398015018 338314193 554741309 0.757638 
623 5513097691 26368390767 178109496 183764324 0.209080 
****************** 
519 5987643604 7904208547 104609903 165971614 0.757526 
625 20000302582 7812101379 14250811 18545850 2.560169 
****************** 
519 8197851521 10778675882 148245485 227172971 0.760562 
638 20000306958 9993468006 2129296 58914601 2.001338 
****************** 
519 7789519726 10274043906 141704855 215847266 0.758175 
calculix 20000566886 10162949050 13927738 90901625 1.967989 
****************** 
519 20000071432 28527140162 397904520 555954057 0.701089 
mcf 7587496495 28530481043 380110183 900555776 0.265944 
****************** 
519 20000057088 26483089437 361636643 556032531 0.755201 
sphinx3 14322737960 26392865794 153449605 164599718 0.542675 
****************** 
519 20000053111 33049795527 452400156 576767915 0.605149 
lbm 17824276560 32703249897 502518740 592198819 0.545031 
****************** 
519 20000050866 28711654515 352713886 554740625 0.696583 
libquantum 15875335698 28654586997 490505926 490909746 0.554024 
****************** 
520 12140471098 21728765252 109126997 261953582 0.558728 
521 20000203573 21564288300 88613502 138626937 0.927469 
****************** 
520 17817658375 31651119943 159689306 385060006 0.562939 
557 20000094235 31665244622 100664921 194647264 0.631610 
****************** 
520 20000001565 35559580653 180020037 432470198 0.562436 
602 6682266563 35588455512 171446611 176901846 0.187765 
****************** 
520 20000055986 36569771952 190007922 434996870 0.546901 
620 19947439462 36568478482 189418159 432397005 0.545482 
****************** 
520 19999966463 36807410476 191283374 433860865 0.543368 
623 10032694478 36808805988 247560612 333701138 0.272562 
****************** 
520 4235162272 7394521012 35764763 91453055 0.572743 
625 20000217023 7323437595 11003423 17668320 2.730988 
****************** 
520 6084186395 10626525417 51502632 131319002 0.572547 
638 20000243829 9889980146 1924709 59098552 2.022273 
****************** 
520 5386600742 9397090323 45304426 116080851 0.573220 
calculix 20000633984 9296127048 9945211 90523171 2.151502 
****************** 
520 19999991017 36861987926 191567135 433844480 0.542564 
mcf 14535646791 36894387606 407437953 1034816890 0.393980 
****************** 
520 13552894361 25915646554 149046018 296811800 0.522962 
sphinx3 20000151415 25851152480 104901945 244245395 0.773666 
****************** 
520 12053729414 29956183649 191435087 277349317 0.402379 
lbm 20000117663 29648143659 377976716 616927632 0.674582 
****************** 
520 16498387175 31342422189 156654562 358455069 0.526392 
libquantum 20000147746 31306189185 612990230 634392490 0.638856 
****************** 
521 20000143895 20716558807 78966327 139261480 0.965418 
557 13335581283 20882233449 62644929 131229644 0.638609 
****************** 
521 20000315809 19977319492 69517727 139653427 1.001151 
602 3882719063 20144983407 93514763 101571326 0.192739 
****************** 
521 20000173574 21737118715 90151845 140771580 0.920093 
620 11990038549 21901303474 112883763 259106121 0.547458 
****************** 
521 20000153811 22818502910 105980507 143793588 0.876488 
623 9618410836 22973762787 110790264 319665015 0.418669 
****************** 
521 7213798957 7297238665 25521698 48094039 0.988566 
625 20000185071 7294415448 10602196 17711971 2.741849 
****************** 
521 10497807900 10556339457 37199238 70337246 0.994455 
638 20000455477 9916864181 2017625 59339437 2.016812 
****************** 
521 9183444066 9371358538 34358812 65268141 0.979948 
calculix 20000533252 9346578098 9023185 90554956 2.139878 
****************** 
521 20000145808 21259444543 78979716 139461888 0.940765 
mcf 6216471428 21435587688 325331161 830496868 0.290007 
****************** 
521 20000150252 21761563016 92138879 142074567 0.919059 
sphinx3 18063635074 21856696466 86717390 217668200 0.826458 
****************** 
521 20000174624 25180360535 129203829 147591865 0.794277 
lbm 16956120071 25039613422 309280077 522000009 0.677172 
****************** 
521 20000179984 21827331137 80698881 140946104 0.916291 
libquantum 14820436799 21950625900 430747371 461680063 0.675171 
****************** 
557 20000014989 28795402406 72730353 197176253 0.694556 
602 5357138488 28799161300 137995069 142041043 0.186017 
****************** 
557 20000017490 32355329736 106434937 192317558 0.618137 
620 18377545584 32334059896 163840501 393420419 0.568365 
****************** 
557 20000023426 32612874762 106149009 191996972 0.613255 
623 14784334894 32579505906 147629703 491905026 0.453792 
****************** 
557 4866788485 7335217218 20029942 46703557 0.663483 
625 20000176243 7268204503 10478956 17649238 2.751735 
****************** 
557 7363273095 10984284289 29370084 71401044 0.670346 
638 20000580079 10259432648 3625980 58893281 1.949482 
****************** 
557 6209359759 9424739566 25551956 59644618 0.658836 
calculix 20000576577 9328941343 9216641 90682838 2.143928 
****************** 
557 20000018618 30773356957 88801412 192782445 0.649913 
mcf 11235280400 30786672463 371539773 973165763 0.364940 
****************** 
557 13098237107 21223240830 66843578 127932406 0.617165 
sphinx3 20000153329 21152864906 67342176 244762842 0.945506 
****************** 
557 15166028919 29026667111 115436597 146570152 0.522486 
lbm 20000111575 28714842435 333627336 616568555 0.696508 
****************** 
557 16963566711 28878916465 94793335 157997470 0.587403 
libquantum 20000152280 28838306637 547285446 634339075 0.693527 
****************** 
602 6434799266 34343316953 167954144 170934945 0.187367 
620 20000078384 34313002582 160525563 426553145 0.582872 
****************** 
602 8554941529 45754799776 218236929 227127823 0.186974 
623 20000134681 45702119446 208902143 665653000 0.437619 
****************** 
602 1377126800 7258509976 33652154 36091394 0.189726 
625 20000263381 7189405645 9625335 17639793 2.781908 
****************** 
602 1953423686 10618694687 49891407 51648035 0.183961 
638 20000218514 9881217591 1881449 59090398 2.024064 
****************** 
602 1869616073 9402784449 41823540 49434893 0.198836 
calculix 20000571573 9303924424 8531240 90688894 2.149692 
****************** 
602 8892948573 46497199613 215260519 236064291 0.191258 
mcf 20000042296 46500086501 416284923 1376150137 0.430108 
****************** 
602 4001204435 20798493222 99640500 104839324 0.192380 
sphinx3 20000399466 20719370182 62495019 244841551 0.965300 
****************** 
602 5147658036 28773279837 135083438 137103285 0.178904 
lbm 20000119277 28446289120 329861699 616688239 0.703084 
****************** 
602 4905098998 27502511929 126970758 130969578 0.178351 
libquantum 20000273237 27450097274 537415373 634504793 0.728605 
****************** 
620 20000021390 39021839599 225874651 440944365 0.512534 
623 14548826602 39013096113 210352196 484177796 0.372922 
****************** 
620 4221441154 7397670491 35733692 90906484 0.570645 
625 20000221301 7326694131 11030988 17660957 2.729774 
****************** 
620 6079154809 10629539079 51392833 131240666 0.571911 
638 20000284999 9887495064 1927559 58878292 2.022786 
****************** 
620 5442087987 9496465890 45682678 117083216 0.573065 
calculix 20000622761 9395689531 10013567 90544477 2.128702 
****************** 
620 20000111065 36293275587 180906072 430970985 0.551069 
mcf 12465422128 36330213644 419993464 994142548 0.343114 
****************** 
620 13672602996 26370334267 150079830 300599116 0.518484 
sphinx3 20000485619 26304594628 111825973 244381706 0.760342 
****************** 
620 14735110431 30848119857 160339031 324483467 0.477666 
lbm 20000107018 30540710772 472325111 617238413 0.654867 
****************** 
620 17340704543 31503599482 145977168 370748292 0.550436 
libquantum 20000160304 31467078372 631795120 634416942 0.635590 
****************** 
623 4156026390 7903187420 30254767 137937115 0.525867 
625 20000170835 7844162853 15319600 18377639 2.549688 
****************** 
623 5763876602 11827800653 50092834 191222568 0.487316 
638 20000242571 11112815590 7293711 58511096 1.799746 
****************** 
623 4042346216 9557864857 47545610 134199902 0.422934 
calculix 20000684051 9465949114 10457655 90617391 2.112908 
****************** 
623 16461706139 48861044860 273976158 548157583 0.336909 
mcf 20000025883 48901952663 438951879 1377010693 0.408982 
****************** 
623 10973266409 29101919030 159825681 365018420 0.377063 
sphinx3 20000144825 29047857451 141582800 244093872 0.688524 
****************** 
623 6448101505 29234454771 199449400 214861762 0.220565 
lbm 20000164263 28933455268 351768760 616710791 0.691247 
****************** 
623 10267598474 28876960428 146762311 341444674 0.355564 
libquantum 20000160228 28850680972 594278647 634377463 0.693230 
****************** 
625 20000584383 7231931171 10048002 17669591 2.765594 
638 13783359941 6799057195 1307216 40607995 2.027246 
****************** 
625 20000599084 7212901861 9836828 17626252 2.772892 
calculix 14793912920 7200440992 4861082 44284095 2.054584 
****************** 
625 20000710661 7244289147 10256065 17675068 2.760893 
mcf 1808491505 7315525039 118799290 281104086 0.247213 
****************** 
625 20000069069 7693611886 14028891 18226712 2.599568 
sphinx3 8295068608 7685291486 21974354 81067321 1.079343 
****************** 
625 20000128566 7839325684 14532528 18740480 2.551256 
lbm 5256637404 7593390034 95401026 157883859 0.692265 
****************** 
625 20000593749 7961924190 15388680 19144864 2.512030 
libquantum 6105857566 7987286669 140417144 161980422 0.764447 
****************** 
638 17201894160 8689464710 2488482 50566106 1.979626 
calculix 20001270491 9212182533 8147088 90172627 2.171176 
****************** 
638 20000147048 9876369861 1969812 59074831 2.025050 
mcf 2711289565 10600298830 175305644 410627364 0.255775 
****************** 
638 20000188718 10480660943 4542366 58392217 1.908295 
sphinx3 10679365824 11144682189 37567382 114359509 0.958248 
****************** 
638 20000235382 9979480778 2153944 58648667 2.004136 
lbm 7337805041 10436299390 132786153 226000354 0.703104 
****************** 
638 20000029855 11769885285 10411071 57800987 1.699254 
libquantum 9169898172 12464024243 233412203 264429558 0.735709 
****************** 
calculix 20000463926 9313838801 8846940 90592354 2.147392 
mcf 2334096441 9413397429 152466413 362084216 0.247955 
****************** 
calculix 20001517847 9379596548 9462051 90693433 2.132450 
sphinx3 9033273357 9400507317 31874381 91321033 0.960935 
****************** 
calculix 20001314149 10063874025 13755268 90846688 1.987437 
lbm 6782671689 9839622861 133597429 205611667 0.689322 
****************** 
calculix 20001337297 9664019843 10694958 91065394 2.069671 
libquantum 7267176121 9711773664 183160142 204898267 0.748285 
****************** 
mcf 8548887678 26763597898 354586706 924246016 0.319422 
sphinx3 20000326399 26674354677 103601607 243959500 0.749796 
****************** 
mcf 8616365757 30762545706 396870526 917119806 0.280093 
lbm 20000126309 30425309635 404018057 622175161 0.657352 
****************** 
mcf 9786993003 30223024883 364547132 942593270 0.323826 
libquantum 20000171157 30162219890 582035940 634456231 0.663087 
****************** 
sphinx3 15896842414 29569670996 175017147 186346283 0.537606 
lbm 20000196166 29321717296 381521085 618767177 0.682095 
****************** 
sphinx3 20000516006 26953300671 109948104 243235029 0.742043 
libquantum 18782883414 26974925037 552274347 587209933 0.696309 
****************** 
lbm 20000196134 31064786644 388729111 621024363 0.643822 
libquantum 17476379519 31383736742 550598446 551186833 0.556861 
