557 602 mcf
620 623 625
557 620 623
520 602 623
519 602
505 638
520 521 557
521 calculix mcf
505 602 sphinx3
602 623 sphinx3
520 557 625
520 calculix lbm
519 521 638
638 libquantum
638 lbm
625 mcf
620 623 calculix
519 625 calculix
521 620 mcf
638 lbm sphinx3
519 521 sphinx3
521 557 620
519 557 calculix
623 638 lbm
602 620 calculix
520 638 lbm
519 623 calculix
520 602 620
638 calculix lbm
519 557 623
505 521 calculix
519 623
519 521 calculix
505 557 620
505 638 sphinx3
505 521 638
519 calculix
505 520 calculix
521 625 lbm
557 620 calculix
520 557 calculix
calculix mcf
calculix lbm
520 623
602 625 lbm
505 557 602
520 557 602
505 557
520 602 sphinx3
520 623 sphinx3
505 520 625
521 602 638
638 mcf
505 520 557
505 620 sphinx3
505 521 625
520 620 623
557 calculix mcf
620 calculix sphinx3
557 lbm
623 calculix lbm
505 620 625
521 638 mcf
505 557 mcf
602 620 lbm
520 620 sphinx3
620 623 638
557 602 lbm
505 623 625
625 lbm
521 623
602 mcf
557 638 mcf
638 calculix mcf
519 625
505 625 638
520 623 638
505 557 623
519 638 sphinx3
623 mcf sphinx3
557 625 mcf
520 602 mcf
505 521 mcf
519 602 sphinx3
520 calculix sphinx3
557 libquantum
505 623
519 620 sphinx3
505 521 620
557 mcf sphinx3
557 602 620
602 calculix mcf
519 620
521 623 lbm
505 602
520 557 lbm
519 623 sphinx3
505 557 sphinx3
lbm sphinx3
521 mcf
620 638 sphinx3
521 620 638
557 623 sphinx3
519 638
520 602 625
505 625
519 623 625
620 625 calculix
557 620 mcf
620 638 lbm
520 623 625
625 638 lbm
520 557 sphinx3
520 623 calculix
521 620 sphinx3
505 623 mcf
519 625 sphinx3
521 620 625
505 602 620
557 623 625
520 620 625
520 625 sphinx3
602 623 calculix
620 623 sphinx3
505 602 mcf
602 620 625
libquantum sphinx3
505 625 mcf
620 calculix lbm
505 623 638
557 623 calculix
521 602 calculix
521 638 lbm
521 calculix lbm
521 602
521 mcf sphinx3
520 lbm sphinx3
505 557 calculix
520 521 620
mcf sphinx3
520 521 lbm
557 623
625 lbm sphinx3
505 602 calculix
620 625 lbm
505 557 625
519 557 sphinx3
505 620 calculix
557 623 mcf
602 623 625
505 calculix
521 623 625
505 625 calculix
505 602 638
520 557 620
505 mcf sphinx3
520 sphinx3
505 623 sphinx3
625 libquantum
557 mcf
625 calculix mcf
519 521 625
520 623 mcf
625 638 mcf
519 602 638
521 620 623
519 557 620
602 620 623
505 sphinx3
505 557 638
calculix libquantum
557 625 lbm
520 521 calculix
505 623 calculix
521 620 calculix
625 calculix lbm
602 623
505 521
519 625 638
521 625 mcf
520 625 calculix
505 638 mcf
519 521 620
519 557 625
602 lbm sphinx3
520 557 623
623 lbm sphinx3
519 623 638
520 521 602
521 623 638
519 557 638
520 602 calculix
557 638 lbm
638 mcf sphinx3
521 620
calculix lbm sphinx3
505 638 calculix
521 620 lbm
505 520 521
521 623 calculix
519 521
519 602 625
602 620 638
602 623 638
520 602 lbm
505 602 625
520 625 lbm
557 620 625
557 623 638
505 520 sphinx3
520 mcf sphinx3
602 calculix lbm
602 mcf sphinx3
505 520 602
519 557 602
557 623 lbm
520 521 mcf
505 520 623
557 620 lbm
calculix mcf sphinx3
520 638 sphinx3
602 620 mcf
519 calculix sphinx3
602 638 mcf
620 623
505 521 sphinx3
519 620 625
620 mcf sphinx3
521 602 620
623 625 lbm
520 521 625
519 638 calculix
620 625 sphinx3
521 libquantum
557 620 sphinx3
505 calculix mcf
557 calculix lbm
519 602 calculix
520 521 sphinx3
520 521 623
520 557 mcf
602 620 sphinx3
620 lbm sphinx3
