505 625 638
623 calculix mcf
521 623 mcf
520 638 mcf
505 557 623
602 620
521 625
623 mcf sphinx3
519 521
520 calculix
602 625 638
605 mcf
520 602 625
521 638 calculix
520 638 calculix
605 625 calculix
620 625 sphinx3
520 521 602
520 602
520 620 625
505 638 calculix
520 625
620 sphinx3
557 620 mcf
520 521 638
505 557 620
602 605 623
557 625 mcf
520 625 calculix
623 625 calculix
605 638 sphinx3
505 623 638
602 623 638
505 mcf
605 625 sphinx3
557 605 sphinx3
557 sphinx3
505 521 557
520 602 623
520 557 625
620 638
521 557 620
620 calculix sphinx3
520 557 602
602 623 calculix
520 623 calculix
625 638 mcf
602 623 sphinx3
521 620
520 620 638
602 sphinx3
557 623 625
505 620
623 625 sphinx3
602 638 mcf
lbm sphinx3
557 602 638
602 623
505 557 sphinx3
557 620 625
623 625 638
620 623 638
623 calculix sphinx3
620 638 calculix
505 620 638
521 620 623
557 625 sphinx3
521 602 sphinx3
520 625 mcf
505 602 625
521 625 calculix
602 625 mcf
521 sphinx3
calculix sphinx3
505 625 calculix
520 638 sphinx3
638 mcf
520 calculix sphinx3
521 638 sphinx3
521 calculix mcf
520 521 557
520 557 638
505 520 602
505 520 623
602 mcf
505 638 sphinx3
605 623
602 625 calculix
505 557 602
620 mcf sphinx3
602 625
602 605
520 521 625
505 623
625 sphinx3
623 625
521 623 625
521 557 sphinx3
521 mcf sphinx3
521 557 602
505 520
557 mcf sphinx3
505 521
520 521 620
519 557
620 623 625
602 625 sphinx3
557 602
620 lbm
623 mcf
505 521 sphinx3
620 623 sphinx3
505 605
505 520 calculix
520 557 623
557 602 620
505 557
557 mcf
calculix lbm
505 557 638
605 638 calculix
623 638 calculix
520 602 638
505 620 625
602 638
521 602 625
505 calculix sphinx3
605 620 623
557 625 638
557 638 mcf
520 521 sphinx3
557 602 sphinx3
505 557 625
519 623
520 557
521 623 calculix
602 lbm
602 620 638
520 521 mcf
623 625 mcf
620 638 mcf
520 623
521 602 620
521 620 638
505 521 620
521 620 mcf
505 520 sphinx3
519 sphinx3
605 calculix
521 625 638
520 sphinx3
605 calculix sphinx3
521 638
557 623 sphinx3
521 620 calculix
521 602
602 calculix sphinx3
557 602 623
557 602 625
521 557 625
602 620 sphinx3
623 sphinx3
638 calculix lbm
520 623 625
521 605 625
605 620 sphinx3
505 625 sphinx3
520 mcf sphinx3
520 602 620
557 620 623
519 602
521 lbm
521 605
521 calculix
505 521 calculix
625 638 lbm
calculix mcf
520 605 sphinx3
557 calculix sphinx3
520 557 mcf
602 mcf sphinx3
520 521
520 557 sphinx3
557 calculix
602 620 623
520 557 620
505 557 calculix
602 620 calculix
557 605 625
521 557 623
557 lbm
505 638
521 557 638
521 602 calculix
520 521 calculix
521 623 638
521 calculix sphinx3
505 602 638
520 mcf
620 625
520 620 sphinx3
625 mcf sphinx3
521 557 605
505 623 calculix
620 625 mcf
620 623
505 520 521
638 lbm
520 620 623
505 620 calculix
505 520 557
602 calculix
625 calculix lbm
623 638 sphinx3
520 623 638
520 605 623
505 602 620
625 638 sphinx3
521 638 mcf
520 calculix mcf
605 625 638
520 638
623 638 mcf
557 623 calculix
520 620
602 620 mcf
520 623 sphinx3
625 lbm
519 625
521 557 calculix
605 sphinx3
505 520 638
557 620 638
557 620 sphinx3
557 623
521 602 623
505 602 calculix
557 623 638
625 calculix sphinx3
602 605 sphinx3
620 638 sphinx3
505 602
557 calculix mcf
620 625 calculix
620 623 calculix
623 calculix
505 521 625
505 620 sphinx3
521 605 sphinx3
521 625 mcf
519 638
605 620
557 605
521 623
602 620 625
505 520 625
605 625
620 mcf
557 602 calculix
557 602 mcf
520 620 calculix
625 mcf
520 557 calculix
520 602 calculix
521 620 625
520 602 sphinx3
mcf sphinx3
557 623 mcf
505 521 623
505 521 638
521 602 638
505 602 sphinx3
520 623 mcf
638 calculix mcf
519 calculix
calculix mcf sphinx3
620 calculix
557 605 calculix
605 638
623 lbm
557 625
505 sphinx3
520 605
625 calculix mcf
505 625
557 638 sphinx3
602 638 calculix
505 623 625
557 602 605
520 602 mcf
602 623 625
557 625 calculix
521 557
521 620 sphinx3
638 mcf sphinx3
521 625 sphinx3
557 605 638
557 620 calculix
620 calculix mcf
620 625 638
521 623 sphinx3
520 625 638
505 623 sphinx3
605 623 sphinx3
602 calculix mcf
623 638
557 620
520 521 623
520 625 sphinx3
521 mcf
505 calculix
