521 625 mcf
519 520 sphinx3
521 libquantum
521 calculix lbm
557 605 sphinx3
521 605 mcf
620 625 lbm
520 625 lbm
557 605 638
519 521 638
520 602 623
602 623 638
625 lbm sphinx3
505 557 623
519 638 calculix
505 625
605 625 sphinx3
623 calculix lbm
519 625
605 620 638
520 557 605
505 557 mcf
505 602 mcf
505 520 521
520 602 sphinx3
602 mcf sphinx3
521 620 625
620 lbm sphinx3
557 mcf
521 620 calculix
505 557
505 623 625
505 557 605
calculix mcf sphinx3
557 calculix lbm
605 620 625
505 623 calculix
519 620 625
520 605 623
505 602 625
505 623 sphinx3
605 mcf sphinx3
602 605
520 625 mcf
519 520 521
620 623 625
620 calculix lbm
557 602 lbm
602 605 sphinx3
520 557 625
519 520 557
505 623
505 557 lbm
520 557 sphinx3
557 625 mcf
505 623 mcf
519 602 sphinx3
605 620 sphinx3
519 557 623
557 625 lbm
mcf sphinx3
602 620 625
602 625 mcf
557 calculix mcf
605 623 625
519 557
519 557 602
520 620 sphinx3
520 557 lbm
505 605 sphinx3
519 620 623
505 620 sphinx3
602 620 lbm
520 623 calculix
519 557 sphinx3
505 521 623
521 623 mcf
521 mcf
519 620 638
520 620 623
602 lbm sphinx3
520 557 623
520 521 623
521 605 623
505 557 602
625 638 mcf
602 605 625
519 620 sphinx3
557 620 lbm
625 libquantum
605 620 calculix
519 521 sphinx3
602 calculix lbm
557 638 mcf
520 557 620
505 521 620
519 625 638
505 620 625
505 602 638
602 620 calculix
605 625 calculix
602 605 calculix
519 sphinx3
505 calculix lbm
521 lbm
505 625 mcf
519 638 sphinx3
521 602 620
620 623 sphinx3
602 605 620
605 625
620 623 calculix
519 520 623
519 557 625
557 libquantum
519 520 620
505 605 calculix
519 521 623
557 lbm
520 623 sphinx3
521 557 605
521 638 mcf
520 mcf sphinx3
557 620 mcf
521 620 mcf
605 623 mcf
520 605 625
623 lbm
519 602 623
519 602 638
520 623 mcf
521 605 620
605 625 mcf
521 605 638
602 calculix mcf
520 521 602
620 625 mcf
520 521 mcf
520 623 625
605 623 sphinx3
557 638 lbm
519 calculix sphinx3
638 calculix lbm
519 521 625
505 602
520 521 605
605 638
505 calculix mcf
520 521 lbm
519 521
521 620 lbm
602 605 623
638 libquantum
602 605 638
520 lbm sphinx3
602 623 calculix
521 557 620
505 521 638
605 625 638
521 638 lbm
557 620 623
557 605 mcf
623 638 lbm
605 638 sphinx3
505 557 620
505 638 mcf
519 calculix
520 605 sphinx3
625 lbm
638 lbm sphinx3
520 602 lbm
623 mcf
521 605
520 557 602
520 521 625
602 623 625
620 mcf sphinx3
620 lbm
623 calculix mcf
623 lbm sphinx3
638 lbm
557 605 calculix
625 638 lbm
505 602 sphinx3
602 620 sphinx3
505 638 lbm
521 605 625
505 625 lbm
602 625 lbm
602 623 sphinx3
505 521
505 623 638
521 625 lbm
623 638 mcf
505 521 605
521 605 calculix
605 calculix
557 602 620
602 638 lbm
519 520 calculix
519 557 620
lbm sphinx3
605 calculix sphinx3
520 557 mcf
519 602 620
519 521 602
505 520 557
557 602 623
505 520 623
505 sphinx3
602 libquantum
calculix libquantum
520 605 calculix
557 605
505 mcf
libquantum sphinx3
520 602 605
519 625 calculix
519 623
602 lbm
519 620 calculix
557 602 605
505 520 625
505 521 calculix
519 623 sphinx3
505 521 mcf
519 602
520 521 sphinx3
519 623 625
557 623 lbm
557 602 mcf
521 lbm sphinx3
519 602 625
623 625 mcf
505 602 620
605 calculix mcf
520 620 625
602 638 mcf
520 602 mcf
605 623 calculix
605 623 638
520 521 557
505 521 lbm
620 calculix mcf
521 calculix mcf
623 625 lbm
519 521 620
521 620 sphinx3
521 620 623
521 602 623
505 557 638
505 605 623
557 605 625
602 620 mcf
519 638
638 mcf sphinx3
519 623 calculix
519 623 638
calculix lbm
519 520 625
557 605 620
520 623 lbm
521 605 sphinx3
521 623 lbm
605 638 mcf
505 602 605
505 520 602
602 mcf
520 521 620
520 602 620
505 521 625
505 520 sphinx3
625 calculix lbm
520 602 625
623 libquantum
505 605 625
620 libquantum
519 625 sphinx3
505 557 calculix
605 638 calculix
519 521 calculix
605 sphinx3
505 mcf sphinx3
519 520 602
557 605 623
calculix lbm sphinx3
505 602 calculix
520 623 638
519 557 638
521 mcf sphinx3
605 620 623
557 lbm sphinx3
602 620 623
602 605 mcf
519 602 calculix
505 lbm sphinx3
557 623 mcf
519 557 calculix
620 638 lbm
623 mcf sphinx3
