521 620 calculix
521 557 602
620 623 638
557 623 625
557 625 sphinx3
lbm sphinx3
520 623 sphinx3
521 557 623
520 620 sphinx3
520 638 calculix
520 602 638
557 602 calculix
557 mcf
520 602
505 638 sphinx3
557 mcf sphinx3
620 sphinx3
557 602 620
602 625 calculix
602 calculix
521 calculix sphinx3
602 625
625 calculix mcf
602 623 sphinx3
602 620 sphinx3
520 557 602
calculix lbm
520 calculix
505 557 625
602 623 625
625 mcf sphinx3
520 623 638
521 620 625
521 623 625
620 638 calculix
623 mcf
mcf sphinx3
557 calculix mcf
557 625 mcf
521 620 623
520 557 625
557 602 sphinx3
521 623 sphinx3
521 calculix
625 638 mcf
521 620 sphinx3
521 605
605 sphinx3
520 calculix sphinx3
521 638 sphinx3
620 625 638
520 521 625
520 521
505 521 calculix
602 mcf
520 620 625
505 520
620 625 calculix
625 calculix sphinx3
557 625
620 623 calculix
602 620
620 623 sphinx3
557 calculix
521 557 620
557 625 calculix
520 602 620
505 623
623 calculix sphinx3
520 625 calculix
557 sphinx3
520 521 602
520 557 620
521 623 638
623 638
505 623 sphinx3
521 638
520 521 557
605 625
520 557 sphinx3
521 623
602 605
625 sphinx3
623 sphinx3
520 557 calculix
520 602 sphinx3
557 605
521 625 638
505 calculix
602 620 625
521 602 sphinx3
557 625 638
638 lbm
557 620 638
520 638
620 623
521 602 638
505 625 638
557 602 623
521 602 calculix
557 623
505 602
505 521 625
520 620 638
602 623 638
602 620 calculix
638 calculix mcf
521 602 625
505 521 sphinx3
557 lbm
557 638 sphinx3
calculix sphinx3
520 sphinx3
520 602 625
623 calculix
505 557 638
505 557
602 620 638
638 mcf
557 638 mcf
623 638 sphinx3
623 625 sphinx3
620 calculix sphinx3
557 620 625
520 620
625 lbm
505 sphinx3
520 521 sphinx3
521 lbm
505 557 sphinx3
620 623 625
557 calculix sphinx3
520 521 620
505 602 sphinx3
521 602
557 620 623
505 625
520 638 sphinx3
623 625 calculix
520 557
520 557 623
557 602 638
505 557 calculix
505 625 calculix
557 620 calculix
602 calculix sphinx3
521 602 620
623 638 calculix
602 638
557 602
521 557 625
602 625 638
520 521 calculix
520 623 625
520 623 calculix
620 625 sphinx3
520 620 calculix
605 638
620 calculix
625 638 sphinx3
602 lbm
505 521
505 620
557 623 calculix
557 623 sphinx3
602 625 sphinx3
520 557 638
520 625 sphinx3
623 625 638
602 623
602 sphinx3
521 638 calculix
520 623
602 638 calculix
520 521 638
505 521 638
521 602 623
521 620
521 557 sphinx3
520 521 623
625 mcf
505 638
521 625 calculix
521 625
521 557 638
602 623 calculix
505 638 calculix
605 623
557 602 625
521 sphinx3
505 calculix sphinx3
520 625 638
521 557 calculix
620 638
620 638 sphinx3
521 557
557 623 638
521 625 sphinx3
620 625
521 620 638
calculix mcf
521 mcf
557 620 sphinx3
557 620
623 625
520 602 calculix
605 calculix
521 623 calculix
520 625
