505 638
505 623 calculix
505 638 calculix
602 mcf
505 557 602
521 620 625
520 602 sphinx3
519 623
620 625 638
557 623 calculix
557 602 620
519 625 calculix
620 623 638
calculix lbm
557 mcf
620 mcf sphinx3
505 521 638
623 sphinx3
638 lbm
521 623 625
520 557 602
557 625 mcf
620 625 calculix
520 638 calculix
520 602 620
505 602 mcf
620 sphinx3
505 620 calculix
520 557 mcf
521 620 mcf
638 mcf
520 623 625
521 620 638
623 lbm
620 638 sphinx3
521 557 calculix
505 520 638
520 mcf sphinx3
505 mcf sphinx3
505 638 mcf
505 602 calculix
625 lbm
505 520 557
520 623 mcf
557 620 mcf
520 638 sphinx3
638 calculix lbm
557 lbm
505 557 sphinx3
520 602 638
520 625 sphinx3
602 sphinx3
519 625 sphinx3
519 557 638
620 623 calculix
505 620 sphinx3
505 602 625
521 620 lbm
623 625
557 calculix mcf
505 623 625
557 620 calculix
557 602 625
505 521 557
505 638 sphinx3
520 521 557
521 620
520 521 602
505 sphinx3
620 623 sphinx3
623 638 lbm
521 calculix lbm
505 620 638
521 602 620
557 602 623
521 557
557 602 638
520 521 620
521 602
505 557 mcf
623 lbm sphinx3
602 620 calculix
520 620 sphinx3
620 625 lbm
520 557 sphinx3
602 625 mcf
557 620 625
520 602 625
521 625 mcf
557 623 sphinx3
505 calculix mcf
505 521 620
520 557 620
520 557 623
620 lbm sphinx3
625 mcf sphinx3
521 602 623
620 lbm
519 638
602 620 623
505 602 620
520 638 lbm
520 620 625
620 calculix lbm
602 623 625
602 638 lbm
519 557 calculix
521 lbm
620 623
602 625 lbm
505 625 mcf
520 623 638
623 625 lbm
557 623 625
557 623
520 521 623
520 620 calculix
519 521
520 623 calculix
625 calculix mcf
625 638 mcf
520 625 mcf
519 calculix
521 623 638
557 625 lbm
521 602 638
505 557 625
602 638 mcf
602 623 calculix
521 623
557 620 sphinx3
521 557 602
521 557 638
calculix mcf
520 521 638
505 602
505 557 620
623 625 calculix
638 lbm sphinx3
521 623 calculix
520 602 calculix
520 557 625
505 620 625
625 mcf
557 620 623
520 557 638
620 625 mcf
505 557
519 638 calculix
505 557 638
520 623
505 mcf
505 521
505 521 calculix
520 625 638
623 625 sphinx3
620 638 calculix
521 620 623
620 625 sphinx3
638 calculix mcf
521 557 623
602 623 638
519 638 sphinx3
520 625 calculix
519 557
519 625
602 623
557 620 lbm
620 calculix sphinx3
520 calculix sphinx3
602 calculix lbm
520 557 calculix
602 620 638
520 521 calculix
557 mcf sphinx3
557 620 638
519 calculix sphinx3
505 520 623
623 calculix
505 520 sphinx3
505 520 521
521 623 lbm
520 lbm
602 lbm sphinx3
520 602 mcf
505 625
519 557 625
602 620 mcf
557 calculix lbm
521 638 lbm
520 521
505 602 sphinx3
505 557 calculix
505 623
638 mcf sphinx3
505 520 calculix
505 557 623
505 calculix
521 mcf
519 602
602 620 lbm
521 638 mcf
521 620 sphinx3
520 623 sphinx3
602 mcf sphinx3
623 638 sphinx3
521 mcf sphinx3
521 625 lbm
520 sphinx3
623 calculix sphinx3
623 mcf sphinx3
505 623 sphinx3
521 calculix mcf
lbm sphinx3
520 602 623
520 521 sphinx3
602 620 sphinx3
557 623 638
519 557 sphinx3
521 557 620
505 520 625
623 calculix lbm
521 602 calculix
calculix mcf sphinx3
620 638 lbm
505 602 638
625 calculix lbm
602 620 625
505 calculix sphinx3
521 620 calculix
602 620
505 625 calculix
623 625 mcf
519 sphinx3
505 521 625
557 623 mcf
mcf sphinx3
505 623 638
520 521 mcf
557 602 mcf
520 521 625
557 602 lbm
625 638 lbm
557 623 lbm
519 625 638
520 calculix lbm
505 520 602
505 521 mcf
505 521 sphinx3
623 625 638
520 620 623
620 623 625
521 557 625
602 calculix mcf
505 625 638
602 623 sphinx3
