602 620
521 calculix
602 638
520 calculix
623 sphinx3
557 623 calculix
557 625
620 625 sphinx3
520 sphinx3
602 625
602 calculix
557 623 625
620 638 sphinx3
521 623
638 calculix sphinx3
623 638 sphinx3
505 sphinx3
557 620
520 calculix sphinx3
520 623
521 557
505 638
602 623
520 625
557 602
521 602
620 638
620 calculix
557 623 638
623 calculix
557 623
505 calculix
623 calculix sphinx3
521 638
620 sphinx3
625 sphinx3
557 sphinx3
521 625 638
520 521
calculix sphinx3
520 625 sphinx3
521 625
623 638
505 625
623 625
521 620
521 638 calculix
520 557 sphinx3
557 620 sphinx3
625 638 sphinx3
557 calculix
620 calculix sphinx3
620 623
521 sphinx3
520 602
520 638
520 638 sphinx3
620 625
521 625 calculix
520 557
557 638
638 sphinx3
623 625 sphinx3
602 sphinx3
625 calculix sphinx3
