****************** 
502 20200154598 38560707188 214269618 345467187 0.523853 
****************** 
557 20000049999 33659389386 118939627 194132012 0.594189 
620 19043414802 33632286469 166910953 412889709 0.566224 
****************** 
502 3823190710 8048737920 48345764 76033461 0.475005 
620 4330476442 8173508837 43065213 95882670 0.529819 
625 20000377165 7459695990 12217157 18015844 2.681125 
****************** 
625 20000012061 7228636704 9825489 17875228 2.766775 
gromacs 7552686040 4349458002 2445984 15836833 1.736466 
hmmer 0 0 0 0 -nan 
****************** 
519 9701803040 12876525280 161235180 269965124 0.753449 
gromacs 20000231442 12845069678 16162312 44794923 1.557036 
hmmer 0 0 0 0 -nan 
****************** 
620 4251036699 8095620410 45022252 93962099 0.525103 
625 20000133623 8022881288 15771302 19124121 2.492887 
hmmer 15182002423 8057819667 8662152 50450323 1.884133 
****************** 
505 4971157766 7517611729 54432993 138459057 0.661268 
557 4540277333 7511510325 24978044 44393448 0.604443 
625 20000537663 7442563168 11445219 18135510 2.687318 
****************** 
505 4920827595 7525583916 54756855 137870122 0.653880 
520 3942620206 7523209440 39936283 87794745 0.524061 
625 20000292621 7450411913 11713027 17978355 2.684455 
****************** 
libquantum 20000071873 27439487784 530946988 634488850 0.728879 
****************** 
gromacs 20000219465 12061036266 10295856 39483693 1.658251 
lbm 8132503307 11748313888 154008762 247271918 0.692227 
****************** 
519 9998949709 13334490088 177022334 280668047 0.749856 
557 6597466303 13323176202 53126752 64508475 0.495187 
gromacs 20000330991 13307370544 17660532 45988652 1.502951 
****************** 
502 5148345313 10558393055 61513978 107220020 0.487607 
638 20000235893 9949209159 1943062 59212769 2.010234 
****************** 
502 5165018035 10805513791 65422170 107290507 0.477998 
557 6747780624 10921018810 36120711 66434114 0.617871 
638 20000307146 10163445309 1979490 59599631 1.967867 
****************** 
557 7060911106 10772268197 31688357 69229259 0.655471 
638 20000167318 10035483300 1956691 59389919 1.992945 
gromacs 18570263112 10757971730 7378639 36772946 1.726186 
****************** 
502 5353374577 10835286975 64613225 110352166 0.494069 
638 20000265571 10218497610 2720119 59397173 1.957261 
gromacs 18663919111 10952370397 8250547 40680846 1.704099 
****************** 
502 12480739645 29504990726 183841994 219859620 0.423004 
lbm 20000130419 29345150515 342196272 617176293 0.681548 
****************** 
557 4811366251 7453498896 22577924 46876752 0.645518 
625 20000204865 7384586220 10958973 17957121 2.708372 
638 13960872707 6943136998 1358946 41399593 2.010744 
****************** 
505 7941228414 11861458004 86044821 220925426 0.669499 
620 6263704869 11856949703 63044835 138144203 0.528273 
gromacs 19995055647 11839050100 9959336 37497399 1.688907 
****************** 
502 17636504939 38781984212 245547315 313675169 0.454760 
520 20000033929 39019222473 220642780 445788355 0.512569 
620 19346875902 39015938465 214810756 428012542 0.495871 
****************** 
625 20000306925 7599066172 12326033 18214596 2.631943 
calculix 12892102874 7017989235 6818813 26085632 1.837008 
lbm 5057651515 7354848399 106044983 151047535 0.687662 
****************** 
625 20000356298 7303300873 10440286 18044458 2.738537 
calculix 14927335860 7288980399 5145682 45526697 2.047932 
****************** 
505 5032088140 7455908182 54232903 140556195 0.674913 
625 20000241694 7385533124 11053052 17785626 2.708030 
****************** 
502 3791341817 7723497452 48032750 75299238 0.490884 
625 20000178571 7783971386 14496425 18628670 2.569405 
hmmer 15315242863 7835679609 6474419 51108348 1.954552 
****************** 
519 7778120395 10462749815 163956890 218224387 0.743411 
557 5638165077 10453371582 38332043 55523838 0.539363 
calculix 20000655554 10349402247 14446648 91190768 1.932542 
****************** 
520 5370648404 9696725265 51029223 118160202 0.553862 
557 6008764559 9692223461 32430645 58633416 0.619957 
calculix 20000617221 9594081784 11112871 90780294 2.084683 
****************** 
519 9873172490 13168712267 186989161 276871530 0.749745 
hmmer 20000393253 13143295256 37798620 65825231 1.521718 
****************** 
502 4582492678 9467480726 55621882 99570545 0.484025 
calculix 20000738152 9503372364 9967176 91007398 2.104594 
****************** 
519 8336093079 11232102677 178240809 234788491 0.742167 
557 6106283735 11225640626 41078589 59959942 0.543959 
638 20000396949 10420820486 3889665 58855088 1.919273 
****************** 
calculix 20000445996 9282608162 8288039 92778536 2.154615 
gromacs 16136248703 9364695468 5494972 33123661 1.723094 
****************** 
519 7803412343 10485813914 164676054 219998294 0.744188 
calculix 20000627385 10371572345 14322840 91286297 1.928408 
hmmer 15843006380 10463405921 29644585 52219773 1.514135 
****************** 
520 6062105007 10642816725 51934223 131961476 0.569596 
638 20000339684 9900780086 1963638 59191753 2.020077 
****************** 
calculix 20000663387 9324372242 8727599 90760313 2.144988 
mcf 2330963191 9425702526 152015095 361187259 0.247299 
****************** 
520 5491803620 9660947019 48726525 119987783 0.568454 
calculix 20000650679 9560068379 10579958 90812132 2.092103 
gromacs 16564354090 9644296755 7152985 30379200 1.717528 
****************** 
557 6367967048 9480079041 25487698 62084551 0.671721 
calculix 20000674475 9383132867 8945925 90799410 2.131556 
****************** 
505 5066895487 7458073072 54522555 141103760 0.679384 
625 20000218648 7390250510 11258938 17796376 2.706298 
gromacs 12735624249 7440822281 5403887 27080134 1.711588 
****************** 
502 3756744204 7375034416 44086090 74345491 0.509387 
625 20000236235 7431055497 11236573 17991061 2.691439 
calculix 14931523581 7420884835 6163734 45741511 2.012095 
****************** 
520 20000084631 36772997159 191759145 438316446 0.543880 
620 19926874182 36772236643 190893881 434047203 0.541900 
****************** 
505 6673111352 10222002089 75739557 185874954 0.652818 
638 18287975207 9546695423 4116919 53885497 1.915634 
hmmer 20000424965 10203951837 8199197 65756915 1.960067 
****************** 
502 3752217540 7310039503 43695435 74087755 0.513296 
625 20000255723 7367463175 11166036 17826808 2.714673 
638 13969381423 6917962055 1378935 41172089 2.019291 
****************** 
505 20000052887 31524134268 244648880 591055413 0.634436 
520 16585880711 31496791774 168679732 365606907 0.526590 
557 18723536852 31510015000 109975307 186001597 0.594209 
****************** 
505 6794666459 10835610330 81191205 188130642 0.627068 
620 5765920857 10832256493 57727583 127095889 0.532292 
hmmer 19988137889 10813137428 14541970 65700916 1.848505 
****************** 
557 6400057684 12063970925 46527391 61924572 0.530510 
gromacs 20000214941 12049079304 10587734 37778626 1.659896 
lbm 8058118033 11738671456 158037922 244788171 0.686459 
****************** 
505 7002558067 10657026152 78465371 194770111 0.657084 
638 20000224860 9925945083 2100397 59316494 2.014944 
gromacs 18251876837 10638629267 7675101 35184353 1.715623 
****************** 
557 20000091163 27853533176 61798677 193089634 0.718045 
****************** 
520 4096312256 7445403769 38922798 90967377 0.550180 
625 20000223977 7373602651 11378838 17873352 2.712409 
hmmer 13579907273 7430139807 10994103 44748772 1.827679 
****************** 
625 20000034171 7292090550 10610577 17886333 2.742702 
calculix 14677947990 7277444667 5182615 43100215 2.016910 
gromacs 12700327772 7342033256 4825136 27415517 1.729811 
****************** 
502 3811061419 7691058960 47600093 76135328 0.495518 
557 4910181156 7814381010 24880372 47047241 0.628352 
625 20000187912 7746881793 14349639 18602943 2.581708 
****************** 
502 4267229675 9603452551 61419435 87184192 0.444343 
520 5392380140 9703999324 49430595 118524479 0.555686 
calculix 19818715827 9597811244 12681412 97005349 2.064920 
****************** 
520 6129882850 10866128383 53577337 134045457 0.564128 
hmmer 20000429755 10846883212 15548890 65904964 1.843887 
****************** 
520 5407716958 9759257186 50937282 118959874 0.554112 
calculix 20000606138 9658451112 11037753 90849676 2.070788 
hmmer 17980842836 9744289371 13688600 59724299 1.845270 
****************** 
502 11266369004 26072568843 162546892 196564294 0.432116 
519 20000204063 26262869142 298487670 552919867 0.761539 
****************** 
519 9869716393 13497945957 208606968 279328676 0.731201 
557 6948583789 13488342321 50489859 67869171 0.515155 
hmmer 20000423765 13473473672 38755439 66111796 1.484430 
****************** 
505 6015413763 9644112553 73823269 168425331 0.623739 
620 5291623025 9641509464 48611585 115760052 0.548838 
calculix 20000785488 9538010683 10686394 90779064 2.096956 
****************** 
519 8439540689 11332688139 177607465 237371563 0.744708 
638 20000191809 10515292238 4460711 59322239 1.902010 
hmmer 16579559466 11311507015 34616563 54620796 1.465725 
****************** 
calculix 20000453619 10239014715 14494716 91255207 1.953357 
lbm 6900512232 9988064128 138674002 210354461 0.690876 
****************** 
505 19769571636 31196423603 241749104 581014307 0.633713 
557 20000162014 31189778385 89891938 193595375 0.641241 
****************** 
gromacs 20000209579 11356092884 7119957 43040244 1.761188 
mcf 2970881738 11371276297 192079683 439535790 0.261262 
****************** 
502 4961544475 10572042059 64982062 103967438 0.469308 
620 5761736490 10707465052 56625401 126930515 0.538105 
638 20000495321 9944555629 1966309 58929670 2.011201 
****************** 
557 7332687077 11702010873 38802315 72395705 0.626618 
620 6494519653 11707285306 60821493 141896704 0.554742 
gromacs 20000281093 11689981213 8970782 42999135 1.710891 
****************** 
502 15734016102 32607780807 202081033 273625772 0.482523 
557 20000085698 32827854721 113339876 197184480 0.609241 
620 17576000624 32802696429 171643378 384925183 0.535810 
****************** 
557 6811026420 11142034816 38500157 66750424 0.611291 
620 6064413335 11147846599 58733361 133128885 0.543999 
hmmer 20000424084 11128245560 18085196 66175062 1.797267 
****************** 
502 5401059476 11840731961 75171576 111835434 0.456142 
520 6689299897 11976268994 61966227 146353424 0.558546 
638 20000343381 11209590900 7602346 58747234 1.784217 
****************** 
505 7189702586 10717030165 77211609 199196680 0.670867 
557 6463862948 10710988044 36302854 63342810 0.603480 
638 20000406087 9954512174 2001411 59094532 2.009180 
****************** 
520 6507970252 11642237008 60853839 142383152 0.558997 
557 7281603703 11638548435 38553844 71930238 0.625645 
gromacs 20000223115 11624271411 9123511 43189817 1.720557 
****************** 
620 6055354554 10624983160 51961587 131923596 0.569917 
638 20000326741 9883408757 1936066 59014488 2.023626 
****************** 
520 4193319450 7417820022 38000836 91737716 0.565303 
557 4427310672 7414640262 26679995 42663601 0.597104 
625 20000531791 7344114490 11208983 17826611 2.723342 
****************** 
calculix 20000318703 9278508359 9139804 93167732 2.155553 
gromacs 16073079670 9360469633 5903900 33183755 1.717123 
hmmer 18502502798 9360141571 6497200 61338708 1.976733 
****************** 
557 6038035651 9691423202 32558641 59032696 0.623029 
620 5293625285 9696946855 50246594 116484001 0.545906 
calculix 20000548102 9594956672 11105039 90812916 2.084486 
****************** 
620 5481624926 9663120357 48567044 119703004 0.567273 
calculix 20000656659 9559581293 10533701 90915331 2.092211 
gromacs 16529491297 9645605245 7189072 35783557 1.713681 
****************** 
505 6375877724 9749064681 72869710 177879755 0.653999 
calculix 20000647682 9644694099 10615687 91083371 2.073746 
hmmer 18534094552 9729796479 9466549 61421892 1.904880 
****************** 
502 5688581596 11847511226 72445880 117544938 0.480150 
557 7478307344 11981123489 37925363 72315223 0.624174 
gromacs 20000194337 11966198598 10760007 43296202 1.671391 
****************** 
502 4480321495 9648655238 60250864 90991467 0.464347 
620 5227918703 9775490032 51173388 114940722 0.534799 
calculix 20000510554 9671037309 11679145 90410067 2.068083 
****************** 
625 20000011525 7256904192 10397867 17859139 2.755998 
638 13847937115 6815984245 1309408 41018705 2.031686 
gromacs 12744348759 7307148717 4650136 23640807 1.744093 
****************** 
519 5935346637 7752318219 106535495 165919951 0.765622 
625 20000393687 7667214066 12846020 18287898 2.608561 
****************** 
520 17555132035 33130384123 178848953 386406465 0.529880 
557 20000115547 33152600931 117879104 196681026 0.603274 
620 17425899043 33132685993 177589394 383510685 0.525943 
****************** 
505 6325255212 9674736175 72376472 177326850 0.653791 
calculix 20000628087 9571872399 10208900 91184424 2.089521 
gromacs 15880888344 9654306841 9433380 32551196 1.644954 
****************** 
505 20000071823 30876412399 236598637 589543925 0.647746 
557 18146985994 30863711060 110163235 178900383 0.587972 
620 15911967696 30844644464 165873934 350875958 0.515875 
****************** 
calculix 20000316547 9090769081 6539203 92632973 2.200069 
****************** 
638 20000254141 9922531419 2066826 54683995 2.015640 
lbm 7209505594 10353928691 137916782 220751267 0.696306 
****************** 
519 7974585817 10411567352 158713065 223566396 0.765935 
638 18467773314 9658629306 3719252 54733354 1.912049 
calculix 20000737864 10301152739 14598560 91035613 1.941602 
****************** 
625 20000119651 7661025312 13017701 18412722 2.610632 
638 14303076797 7174557725 1697304 42327942 1.993583 
lbm 5140809549 7413449687 104414080 154761054 0.693444 
****************** 
638 20000203666 9951960722 2124121 55255239 2.009675 
hmmer 15298791898 10718068986 36127645 49888106 1.427383 
lbm 7064578488 10406320606 149096984 216276900 0.678874 
****************** 
502 5033847111 10268324614 62090723 104186460 0.490231 
gromacs 17872646336 10388548845 7629081 38627546 1.720418 
hmmer 19995972367 10386823992 10600771 65874332 1.925129 
****************** 
625 20000121945 7215064891 9771855 17850678 2.771995 
gromacs 12668307331 7264376857 4219746 27961872 1.743895 
****************** 
625 19999945306 7571525139 12972216 18348597 2.641469 
calculix 15533300982 7556521201 6441603 51358563 2.055615 
hmmer 14960861842 7623672511 5911576 49832391 1.962422 
****************** 
502 4650109522 9607709532 57735138 100789456 0.483998 
calculix 20000669439 9644192926 10599321 91018224 2.073856 
gromacs 16741975427 9733232050 6856045 36155674 1.720084 
****************** 
505 7405944155 11605948121 85993137 204244905 0.638116 
557 7544554288 11599110755 33689267 73963775 0.650442 
gromacs 20000428440 11586062110 8030208 43004881 1.726249 
****************** 
502 4570097611 9433289134 56433925 98291439 0.484465 
638 17890456636 8893806072 1750920 52853716 2.011564 
calculix 20000940781 9470400192 10341432 90472750 2.111943 
****************** 
625 20000126207 7313268624 10730545 17982286 2.734773 
hmmer 14884061955 7364182742 4049317 49105205 2.021142 
****************** 
620 5451429443 9602329892 46297113 118060273 0.567719 
calculix 20000654596 9502467484 10135748 90718952 2.104785 
****************** 
502 19999986341 40475326522 241784862 343400549 0.494128 
mcf 17171743317 40759462782 411984561 1130451284 0.421295 
****************** 
505 16781754814 29592361334 233276302 486622617 0.567098 
lbm 20000186767 29239162519 387583591 617809692 0.684021 
****************** 
520 6061047793 10669474192 54188587 133175345 0.568074 
638 20000300977 9918564099 1990536 59354335 2.016451 
gromacs 18275667737 10652046419 8067478 34061120 1.715695 
****************** 
505 14952485676 26599631374 206927076 426315803 0.562131 
519 20000185316 26597433305 344118551 553822902 0.751959 
****************** 
519 20000125886 26858828829 382516547 559802499 0.744639 
620 11476635287 26835789550 162294829 260924799 0.427662 
****************** 
520 4253981815 7506120263 37991280 93067015 0.566735 
625 20000199019 7434299778 11247715 17947774 2.690260 
calculix 14761625734 7424048918 6819178 44316763 1.988352 
****************** 
520 20000040147 36782398023 192900300 438877798 0.543739 
mcf 14657927081 36818544445 408015347 1041471351 0.398113 
****************** 
502 3752248296 7368693016 44619363 73926116 0.509215 
625 20000306390 7425999777 11835795 17971985 2.693281 
gromacs 12824594271 7478312944 5560617 27306650 1.714905 
****************** 
625 20000069425 7287518947 10686122 17828855 2.744428 
638 13882137034 6847334052 1360899 40969446 2.027378 
hmmer 14313423910 7339614434 6377064 47212065 1.950160 
****************** 
505 6485684479 9653329091 70686653 183393882 0.671860 
calculix 20000779593 9549097573 9806317 90939524 2.094520 
****************** 
520 5600823443 9786136991 46963651 121961262 0.572322 
calculix 20000585890 9681096945 11512544 91264162 2.065942 
****************** 
557 6289752915 9817760771 30036573 60381812 0.640650 
638 16647071593 9214863467 6425470 48595893 1.806546 
hmmer 19810194020 9811625460 5173357 64856709 2.019053 
****************** 
505 6827294107 10396127405 76136506 190102986 0.656715 
hmmer 19990415181 10374650032 9127711 67120866 1.926852 
****************** 
hmmer 20000321397 10034559404 6715706 66541030 1.993144 
mcf 2497340059 10053383549 163030549 385370951 0.248408 
****************** 
502 16328913679 31098883419 181350783 285542285 0.525064 
557 20000111611 31352097645 96298429 197276305 0.637919 
****************** 
520 6458445364 11996749170 63661595 142826015 0.538350 
620 6472319481 11996569493 63369691 142646504 0.539514 
gromacs 20000198405 11975728836 11231198 43197376 1.670061 
****************** 
519 5845352285 7806632783 117356087 163713577 0.748767 
557 4167316513 7800941526 29233939 40719052 0.534207 
625 20000525000 7718703279 13069099 18261929 2.591177 
****************** 
502 17378652411 35671173476 217930707 307141453 0.487190 
520 20000085772 35865200490 180896549 435648406 0.557646 
****************** 
519 7936767381 10407160793 148971325 223616203 0.762626 
calculix 20000966318 10293227784 14478341 91358460 1.943119 
****************** 
620 20000055061 33803192437 157196429 430436421 0.591662 
****************** 
557 6643185903 9927433051 25763201 63655591 0.669175 
hmmer 20000377944 9913653879 5567546 65884374 2.017458 
****************** 
520 4203276860 7414139014 37538385 91946059 0.566927 
625 20000193915 7344002625 11228438 17806239 2.723337 
gromacs 12714936040 7397938909 5353268 27279645 1.718713 
****************** 
502 4714517345 10866833058 69671943 103090776 0.433845 
520 5981076690 11004378265 57153200 132204102 0.543518 
hmmer 20000455400 10984591876 16345212 65816340 1.820774 
****************** 
505 5045459172 7533821345 55329800 140105204 0.669708 
625 20000200759 7463064270 11113032 17857090 2.679891 
calculix 15039825569 7449953125 6434234 46543975 2.018781 
****************** 
lbm 20000161212 28160531690 374624202 624411829 0.710220 
****************** 
557 6143661279 9525314652 28524419 59025159 0.644983 
638 15621430826 8950088704 7370758 45472829 1.745394 
calculix 20000672005 9428985387 9617612 90756295 2.121190 
****************** 
638 19089928209 9361600923 1826196 52584792 2.039173 
gromacs 17395705355 10035020266 6508800 37042861 1.733500 
hmmer 20000396256 10033425606 6829556 65766591 1.993377 
****************** 
505 20000017876 32641546198 257690211 588920069 0.612717 
520 18265972917 32610761604 158540324 395402206 0.560121 
****************** 
519 20000048509 26689577002 387459768 560035511 0.749358 
557 14973879239 26676352666 95061152 149771321 0.561317 
****************** 
638 20000173311 9820238534 1904002 55230500 2.036628 
mcf 2688324639 10547861774 173778415 407931015 0.254869 
****************** 
520 17653819898 31614172576 159534504 384026416 0.558415 
557 20000097138 31614727628 100987808 196693304 0.632620 
****************** 
502 3767374363 7281586648 42328910 74342752 0.517384 
625 20000270774 7336887576 10942708 17854437 2.725988 
****************** 
502 3641629571 7333257214 45162233 71341627 0.496591 
520 4031743149 7460156091 38984164 89743385 0.540437 
625 20000562794 7386341010 11498901 17843266 2.707777 
****************** 
502 5425944199 11558160589 71304105 112228983 0.469447 
520 6352782529 11693047612 61828156 139800249 0.543296 
gromacs 20000232237 11674855164 9378709 43218168 1.713103 
****************** 
557 4879494513 7435914876 21826793 47326138 0.656206 
625 20000227625 7355876687 10787070 17818094 2.718945 
calculix 14822391974 7319533085 5853940 44469212 2.025046 
****************** 
620 5377173864 9608889479 48980458 117927064 0.559604 
638 17918153382 8930064621 1723332 52960133 2.006498 
calculix 20000624783 9508555513 10657086 90452970 2.103435 
****************** 
520 5415124008 9629003886 49380035 118453327 0.562376 
638 17981232791 8950499169 1798433 53323798 2.008964 
calculix 20000659362 9527647252 10668140 90624422 2.099223 
****************** 
calculix 20000523575 9246905988 8272097 92809764 2.162942 
hmmer 18592899082 9328459221 5352625 62455662 1.993137 
****************** 
620 4213853017 7433027449 37534774 91776301 0.566909 
625 20000208581 7361897180 11215989 17846096 2.716719 
gromacs 12680043478 7416208299 5382485 26945727 1.709774 
****************** 
505 6533828782 9660171775 70767834 183443526 0.676368 
638 18027505699 8970262735 1775903 53782714 2.009697 
calculix 20000561576 9557896890 10979412 90388888 2.092569 
****************** 
505 20000058416 31966926353 246862196 588293842 0.625648 
mcf 11212643570 31969754643 376972265 973541454 0.350727 
****************** 
557 4631017897 7440715509 24893893 45019394 0.622389 
620 4070664798 7444358120 38718621 89194145 0.546812 
625 20000420965 7369831735 11400843 17832029 2.713823 
****************** 
505 6476505398 9707914958 71088981 181667303 0.667137 
557 5881625639 9701381263 32197017 57677322 0.606267 
calculix 20000425194 9603596436 11212640 90747934 2.082597 
****************** 
505 5011886619 7498380130 54480103 140250225 0.668396 
620 3929177192 7496143804 39959666 86681924 0.524160 
625 20000166649 7423645939 11761214 17867760 2.694116 
****************** 
520 20000067314 33841828988 156978192 431750542 0.590987 
****************** 
505 7231881478 10845241670 78150588 201058458 0.666825 
520 5699128899 10841350172 58007368 126175556 0.525684 
638 20000356742 10063266126 2092521 59090302 1.987462 
****************** 
505 7938853857 11669681362 84339718 220825872 0.680297 
gromacs 20000270262 11650176654 8456100 45515165 1.716735 
****************** 
557 15218883085 29264979841 115963595 147272003 0.520037 
lbm 20000155300 28935163072 351716987 616740121 0.691206 
****************** 
502 4689195831 9848805141 58327896 101921199 0.476118 
hmmer 20000365170 9969734510 6179125 65790588 2.006108 
****************** 
625 20000173234 7289319223 10576489 17960570 2.743764 
638 13778593065 6849205430 1320752 40847213 2.011707 
calculix 14856768980 7277190969 5412502 44493060 2.041553 
****************** 
625 20000045393 7261695786 10129915 17860836 2.754184 
638 13841192109 6822806363 1296206 41202822 2.028666 
****************** 
638 17797310387 8875164851 2288041 49194718 2.005293 
calculix 20000539455 9420410689 9220947 90334225 2.123107 
hmmer 18828974407 9504264805 6984843 62165747 1.981108 
****************** 
520 5319467480 9876315986 53132287 118333096 0.538608 
620 5271759100 9876770386 52556677 116518943 0.533753 
calculix 20000670241 9772096782 12301639 90914078 2.046712 
****************** 
520 5773492765 10705454521 57643188 127823973 0.539304 
620 5742439332 10705983867 57247567 126280829 0.536377 
638 20000319310 9939735391 1979056 59083492 2.012158 
****************** 
520 6419741258 12046219266 65177503 142142496 0.532926 
620 6379229325 12044805992 64594975 140979114 0.529625 
hmmer 20000399849 12028442456 27374911 65898247 1.662759 
****************** 
638 17795308461 8708694581 1658547 47632272 2.043396 
calculix 20000528876 9252713048 8900346 90322759 2.161585 
gromacs 16198626357 9335419944 5938022 32662890 1.735179 
****************** 
502 4695860996 10789628231 69212707 102312922 0.435220 
620 5880118394 10928774553 57604043 129462039 0.538040 
hmmer 20000512367 10909293822 15624642 65823104 1.833346 
****************** 
520 4036916312 7487035140 40167026 89613828 0.539188 
620 4001607856 7486972211 39873819 88272267 0.534476 
625 20000221413 7413219596 11706982 17840819 2.697913 
****************** 
557 4898516980 7371519144 20242018 47247287 0.664519 
625 20000323945 7302125783 10494604 17798996 2.738973 
****************** 
505 6597994999 9902446836 72332624 185099329 0.666299 
520 5170978709 9899391727 52658251 115031222 0.522353 
calculix 20000784713 9794142348 12397610 90970829 2.042117 
****************** 
520 4186706956 7449772587 38234507 91970335 0.561991 
625 20000212745 7378764857 11318120 17813962 2.710510 
638 14021214548 6929386224 1355605 40660728 2.023442 
****************** 
620 4242628515 7534624271 38112451 92737593 0.563084 
625 20000371939 7463730332 11280136 17923858 2.679675 
calculix 14954260279 7452302870 6609520 46018126 2.006663 
****************** 
mcf 20000023113 46296847129 418280686 1376533622 0.431995 
****************** 
620 6018778905 10824488893 56378313 131882082 0.556034 
638 20000171626 10066378181 2837608 59047960 1.986829 
hmmer 19487415177 10804924359 17511352 64239713 1.803568 
****************** 
519 6222306788 8091280522 117233671 174273263 0.769014 
625 20000214442 8004152516 14400862 19051316 2.498730 
calculix 14906833030 7998487389 9769638 46065284 1.863707 
****************** 
519 8027679866 10450147592 155499029 224880929 0.768188 
calculix 20000547469 10335788768 14831006 91454838 1.935077 
gromacs 16913735196 10425197115 10890855 36827012 1.622390 
****************** 
520 6173619289 10986067280 56576851 135247862 0.561950 
gromacs 18725558968 10971064251 8209499 40153281 1.706813 
hmmer 20000401897 10971873857 16758623 65834034 1.822879 
****************** 
519 20000103241 25605223724 330455382 559373572 0.781095 
****************** 
520 6722816686 11562215523 55433410 145576542 0.581447 
gromacs 19834396209 11550636563 8163404 43080986 1.717169 
****************** 
557 7109511336 13754956791 53189847 68401573 0.516869 
hmmer 20000381938 13739066195 44225067 65287032 1.455731 
lbm 9088519111 13431279585 172537399 277834889 0.676668 
****************** 
soplex 19999994695 56438441289 547965459 620862664 0.354368 
****************** 
625 20000212800 7490661105 11823785 17897059 2.670020 
lbm 5043505547 7217052471 95860011 150521256 0.698832 
****************** 
505 5238700243 8023233900 59543222 146057469 0.652941 
625 20000124757 7953154350 16018831 19074184 2.514741 
hmmer 15495393926 8005987603 7125433 50686898 1.935476 
****************** 
519 5995013558 7842691030 117030594 168005314 0.764408 
625 20000307898 7759704349 13707531 18399793 2.577457 
638 13963503334 7280145550 2919109 41070201 1.918025 
****************** 
505 7561748247 11681633493 84518774 210780405 0.647319 
520 6180127837 11677562730 62152442 136835848 0.529231 
hmmer 20000671914 11657351784 23981651 66024648 1.715713 
****************** 
520 4224970486 7429874609 36208888 92141965 0.568646 
625 20000276288 7357475465 11058851 17827206 2.718361 
****************** 
620 14502901578 30440417963 163718458 322738447 0.476436 
lbm 20000141314 30107315681 467944728 617401745 0.664295 
****************** 
505 7245936800 10675202659 76730324 201149994 0.678763 
638 20000249162 9924919275 1944136 59026740 2.015155 
****************** 
519 20000034994 26950696005 384875091 558935609 0.742097 
520 11592071029 26932090780 162285417 264695328 0.430419 
****************** 
625 20000232404 7170296031 9376656 17733884 2.789318 
****************** 
520 6530122529 12012943847 67675542 143921933 0.543591 
557 7374774948 12010783752 40309790 71119614 0.614013 
638 20000394535 11279780014 8821504 58880682 1.773119 
****************** 
502 6571869785 12760338948 72821133 127408128 0.515023 
gromacs 20000203306 12881611407 9675582 42826365 1.552617 
****************** 
calculix 20000553802 10369632601 16097357 91620894 1.928762 
gromacs 16779606005 10458762090 11084611 30604104 1.604359 
lbm 6992390169 10148905482 153513010 214745266 0.688980 
****************** 
502 4850946789 10269556121 63213574 103820625 0.472362 
638 19499912294 9683474774 2160652 57880511 2.013731 
hmmer 20000456788 10388165362 10367351 65804887 1.925312 
****************** 
620 4126834539 7430064143 37737478 90171041 0.555424 
625 20000209259 7359245812 11331607 17898917 2.717698 
638 13964919390 6909426585 1363347 41315020 2.021140 
****************** 
557 6189455744 9555601146 27810614 59750284 0.647731 
calculix 20000544965 9459679978 9408655 90977068 2.114294 
gromacs 16129219658 9542710705 7893975 34229611 1.690214 
****************** 
502 15959315980 31322269818 181276781 280731728 0.509520 
505 20000108554 31565775565 246918223 592042347 0.633601 
****************** 
505 7764311149 11477885898 83087115 215672002 0.676458 
gromacs 19548438348 11462156673 9059802 44662451 1.705476 
hmmer 20000439931 11458449966 21378471 66872645 1.745475 
****************** 
519 8583931117 11247643295 158977870 242484495 0.763176 
638 20000570682 10443186447 4243328 59047811 1.915179 
****************** 
gromacs 20000162947 12531556678 14254709 38069420 1.595984 
hmmer 18277972064 12528388351 38415283 62090479 1.458924 
lbm 8296274791 12221999019 181465873 255722170 0.678799 
****************** 
502 15961658633 33253483534 206812379 281939157 0.480000 
520 17927854344 33484345348 183833925 393631683 0.535410 
557 20000112806 33505075285 115877610 194631792 0.596928 
****************** 
638 17771763678 8767602874 1857776 48638530 2.026981 
calculix 20000559462 9315163154 8311581 90225673 2.147097 
****************** 
620 4235026127 7444515159 36198895 92254622 0.568879 
625 20000236248 7371849791 11080327 17840982 2.713055 
****************** 
557 6018157859 9566704862 29804257 58374886 0.629073 
calculix 20000803088 9471625826 9511291 90970432 2.111655 
hmmer 18752321818 9553628943 6083070 62746509 1.962848 
****************** 
505 5061005645 7471941166 54437020 140896251 0.677335 
625 20000211653 7402308642 11438251 17899706 2.701888 
638 13996598493 6947669496 1384757 41348598 2.014575 
****************** 
557 5555189201 10842809097 43171389 53299651 0.512339 
638 20000370005 10052611693 2262746 59031498 1.989570 
lbm 7240795541 10514045521 136161619 221739569 0.688678 
****************** 
519 8423418954 10985173238 165642023 235658732 0.766799 
638 20000451400 10181889794 3153941 56782742 1.964316 
gromacs 18047266306 10962807838 10519238 38504926 1.646227 
****************** 
557 4884653894 7385106189 21632665 47132535 0.661420 
625 20000189557 7316115639 10749176 17829106 2.733717 
gromacs 12802062467 7370685894 4817343 27232097 1.736889 
****************** 
620 6717810007 11630512590 55442097 145485366 0.577602 
gromacs 20000338547 11612277505 8028435 43141723 1.722344 
****************** 
638 19181519391 9627340028 2478822 53141468 1.992401 
calculix 20000630061 10275313395 14512783 90872483 1.946474 
lbm 6949916151 10052666523 147071100 212081095 0.691351 
****************** 
505 20000072221 30464881896 234482282 589952269 0.656496 
620 16029231069 30439232892 158529509 350463548 0.526598 
****************** 
557 5261233794 10384899566 41543379 50507547 0.506623 
calculix 20000750397 10283384849 14189632 91233094 1.944958 
lbm 7115355195 10388810299 137519774 218072811 0.684906 
****************** 
520 5558473549 10509166595 61006549 123470344 0.528917 
557 6526989186 10506353767 34660956 62407377 0.621242 
hmmer 20000400322 10490721127 11001808 65706544 1.906485 
****************** 
638 20000256611 9981919073 2413945 53703652 2.003648 
gromacs 17886977429 10748683889 10085169 36416766 1.664109 
lbm 7232295548 10423951787 151417162 220917402 0.693815 
****************** 
557 6805240265 10927894643 36807367 66986856 0.622740 
620 6001057401 10931871767 56855484 133168979 0.548951 
638 20000272712 10173192009 3232576 58838779 1.965978 
****************** 
520 5904779104 10735717196 56228690 129682429 0.550013 
638 20000204446 9980800187 2387373 59096875 2.003868 
hmmer 19824253365 10717687384 14787480 65360136 1.849676 
****************** 
calculix 20000493856 10394834123 15001502 91684284 1.924080 
hmmer 15216796849 10483880970 32616503 51123025 1.451447 
lbm 6861938641 10171309134 152487448 209750503 0.674637 
****************** 
625 20000152866 7571375475 12014823 18020678 2.641548 
hmmer 11320807904 7639580760 23204361 37247544 1.481862 
lbm 4953080509 7327691143 105538923 147765007 0.675940 
****************** 
502 18386765040 36461867428 218797019 318694031 0.504274 
620 20000070744 36699546062 188491675 435885015 0.544968 
****************** 
557 4390055388 8376134335 33024938 42165810 0.524115 
625 20000131219 8300120100 17470230 19956892 2.409619 
lbm 5522714781 8049615388 94239952 165947098 0.686084 
****************** 
620 6026759187 10708948392 52884338 131298955 0.562778 
hmmer 19980961417 10691522623 14061572 66271966 1.868860 
****************** 
557 6424136710 9990584968 30589361 62255120 0.643019 
gromacs 17455507508 9978705822 6606927 37876507 1.749276 
hmmer 20000381576 9977555195 6179923 66081211 2.004537 
****************** 
557 7794427927 11423421030 29607715 75996930 0.682320 
gromacs 20000272161 11410364260 7274338 43043506 1.752816 
****************** 
502 4424007175 9463903568 59147960 89951575 0.467461 
calculix 20000617078 9491421596 9757167 90526100 2.107231 
hmmer 18787346747 9581926703 7878286 61834078 1.960707 
****************** 
620 5400845085 9736300691 50257808 118324759 0.554712 
calculix 19974586363 9636500370 11095405 90824145 2.072805 
hmmer 17649083040 9721918524 15036542 58939058 1.815391 
****************** 
519 20000103316 30986333923 546362483 602924493 0.645449 
lbm 18089168347 30616292548 446259726 571098629 0.590835 
****************** 
620 5655499193 10436530719 57330820 124885207 0.541895 
gromacs 17631867254 10419193718 8708935 38021795 1.692249 
hmmer 20000382929 10420395039 10327724 65753988 1.919350 
****************** 
520 14735065270 30575309225 161661583 327606957 0.481927 
lbm 20000135713 30247206244 480868004 617542224 0.661223 
****************** 
505 20000127622 29779708658 229914389 590768414 0.671603 
****************** 
638 18704512655 9187420055 1772773 51457983 2.035883 
hmmer 20000323085 9849323851 5051005 66845846 2.030629 
****************** 
hmmer 20000413977 13191405010 37379915 67068328 1.516170 
lbm 8775347662 12870731559 184716489 270741366 0.681806 
****************** 
505 7152089233 10732583932 77524670 199210609 0.666390 
620 5625346014 10728707819 57263984 124775622 0.524327 
638 20000597987 9960386920 2001816 59121375 2.008014 
****************** 
505 7930057666 11857056543 85915643 220570740 0.668805 
520 6264812503 11852427702 63138699 138452201 0.528568 
gromacs 19994951245 11834495883 9839364 43065013 1.689548 
****************** 
625 20000146577 7305107712 10487528 17998538 2.737830 
mcf 1819480876 7376941389 119581684 281851181 0.246644 
****************** 
502 4657412223 9998944802 62414765 101503988 0.465790 
557 6318441958 10131205454 32615933 60309745 0.623661 
hmmer 20000415796 10119224383 7356126 65672359 1.976477 
****************** 
625 20000152783 7552935274 12093804 17969463 2.647997 
gromacs 12645184637 7613952924 6649546 23763453 1.660791 
lbm 5027179119 7302605712 105894682 150186066 0.688409 
****************** 
557 4832671450 7583941616 23680432 46335526 0.637224 
625 20000166584 7516074349 11815078 18021980 2.660986 
hmmer 14988854253 7571058307 5516207 49364912 1.979757 
****************** 
620 6023445428 10633839764 53769810 132049664 0.566441 
638 20000248892 9889075535 1942337 59350236 2.022459 
gromacs 18236645506 10616945427 7962622 37043632 1.717692 
****************** 
502 5273751425 11661606866 74120143 108539507 0.452232 
620 6512733084 11798749986 58785281 141507344 0.551985 
gromacs 20000380533 11780618597 9662441 43129399 1.697736 
****************** 
505 6432272307 10065388740 75141140 179845210 0.639049 
557 6134179629 10057882804 33191360 58585068 0.609888 
hmmer 20000479071 10045459829 6640830 65868776 1.990997 
****************** 
620 20000006621 37730150736 193681493 441220887 0.530080 
mcf 15122092300 37769136787 412392348 1051737439 0.400382 
****************** 
505 20000082136 31053469243 238356439 588674132 0.644053 
520 15749242707 31027319960 170050925 348649252 0.507593 
620 15670623506 31026685929 169065420 346058890 0.505069 
****************** 
519 5970678935 7800137591 115436996 166893543 0.765458 
625 20000253004 7715941010 13405837 18228035 2.592069 
gromacs 12923330354 7778152465 7226907 27518097 1.661491 
****************** 
557 20000010183 31470856545 92717928 191301004 0.635509 
mcf 11917903368 31480639065 370157945 986184877 0.378579 
****************** 
519 5918237078 7926074407 121386944 166469875 0.746679 
625 20000395108 7836901797 13881112 18553215 2.552079 
hmmer 11797081333 7906133930 23112741 38907480 1.492143 
****************** 
557 7723347095 11388485669 29865633 75760909 0.678172 
638 20000271066 10656309050 5460814 58455604 1.876848 
****************** 
502 4546959360 9463892772 58807731 91939895 0.480453 
557 5927547416 9596983717 31573613 57349344 0.617647 
calculix 20000652887 9500023657 9933880 90576559 2.105327 
****************** 
519 9550071498 12520209881 171119774 267384110 0.762772 
gromacs 20000249895 12497739504 13868791 43688584 1.600309 
