521 625 sphinx3
602 625
521 557 625
505 625 638
521 623 638
505 557
520 602 625
520 602 sphinx3
602 625 638
625 638 calculix
520 521 sphinx3
521 620 sphinx3
625 mcf
638 calculix sphinx3
521 602 sphinx3
620 625 sphinx3
521 557 623
620 sphinx3
521 557 638
623 sphinx3
605 calculix
520 521 557
557 620
520 557 638
521 638
520 557 625
623 638
605 638
520 620 625
520 calculix
520 620
557 638 calculix
602 625 calculix
557 605
521 602 623
620 calculix
557 sphinx3
521 557 sphinx3
521 557 602
557 620 calculix
557 620 638
602 638 sphinx3
520 623
620 625 638
521 620 638
521 557 calculix
623 638 sphinx3
620 calculix sphinx3
557 602 625
602 623 638
505 638 calculix
623 625 calculix
520 625 638
mcf sphinx3
623 625 638
557 638 sphinx3
520 602
602 calculix
557 calculix
520 557
638 sphinx3
505 557 638
520 521 602
557 625 calculix
520 638 calculix
calculix mcf
638 calculix mcf
521 602 638
557 623 638
505 557 calculix
521 sphinx3
521 620 calculix
557 602 calculix
602 620 sphinx3
520 sphinx3
620 623
521 calculix
521 623 625
638 mcf
625 calculix
520 638
557 623 625
520 557 calculix
620 638 sphinx3
557 638
505 calculix
557 calculix sphinx3
521 638 calculix
520 557 620
557 623 sphinx3
521 623
557 602 620
620 625
557 623 calculix
557 602
602 calculix sphinx3
521 623 calculix
520 625
623 calculix sphinx3
623 625
521 625
602 638 calculix
521 557
520 602 calculix
602 623 625
521 638 sphinx3
625 sphinx3
557 625
625 calculix sphinx3
505 638
520 521 625
620 625 calculix
620 638
602 sphinx3
602 620
602 623 sphinx3
602 620 625
602 623 calculix
623 638 calculix
calculix sphinx3
605 sphinx3
625 638 sphinx3
557 mcf
557 625 sphinx3
620 638 calculix
602 623
602 625 sphinx3
521 602 625
625 638 mcf
557 602 638
625 calculix mcf
520 521
602 638
520 521 638
520 557 602
520 calculix sphinx3
505 625 calculix
623 calculix
520 620 638
521 557 620
520 557 sphinx3
521 calculix sphinx3
520 521 calculix
623 625 sphinx3
605 625
520 638 sphinx3
521 602
521 620
521 602 calculix
557 620 sphinx3
521 625 calculix
521 620 625
521 623 sphinx3
602 620 calculix
521 602 620
505 625
520 625 calculix
557 602 sphinx3
520 602 638
557 602 623
505 sphinx3
520 521 620
521 605
520 625 sphinx3
557 625 638
557 620 625
602 620 638
520 620 calculix
521 625 638
557 623
