602 638 lbm
519 625 sphinx3
625 lbm sphinx3
620 calculix lbm
520 623 625
557 605 sphinx3
mcf sphinx3
620 mcf sphinx3
602 605 sphinx3
521 620 lbm
520 605 calculix
521 602 620
520 605 623
521 605 sphinx3
602 623
519 557 calculix
521 calculix mcf
521 620 sphinx3
557 620 623
505 557 620
519 602 623
521 lbm sphinx3
521 605 calculix
602 605 calculix
519 602
557 602 605
521 620 calculix
521 602 623
520 521 sphinx3
505 520 602
519 638 calculix
520 521 638
505 521 calculix
519 calculix
521 605 625
519 557 623
520 521 557
521 calculix lbm
520 602
521 557 620
557 623 lbm
520 602 620
520 605 sphinx3
557 lbm sphinx3
520 620 sphinx3
520 557 623
505 623
620 lbm sphinx3
505 623 638
521 605 638
557 605 638
605 638 sphinx3
505 520 557
557 605 623
519 sphinx3
505 521 638
557 638 lbm
625 lbm
505 mcf sphinx3
521 605 620
602 623 638
605 638
623 625 mcf
520 557 620
505 620 sphinx3
620 calculix mcf
605 623 calculix
505 calculix mcf
505 620 625
625 638 lbm
605 620 625
520 521 602
602 623 625
505 521 625
505 520 521
521 557 lbm
638 calculix lbm
620 mcf
623 mcf sphinx3
605 calculix sphinx3
620 623
557 calculix mcf
605 620 638
520 605 625
620 638 lbm
520 623
557 625 mcf
505 638 mcf
519 557
505 625 mcf
519 602 sphinx3
519 602 625
602 605 625
519 638
520 602 sphinx3
557 lbm
602 lbm
519 557 sphinx3
602 mcf
625 calculix lbm
602 605 638
605 620 calculix
520 521 625
605 625 sphinx3
505 602 calculix
623 mcf
623 638 mcf
519 625 calculix
602 620 sphinx3
557 605 625
520 605 638
602 623 sphinx3
557 mcf
521 625 mcf
520 521 605
505 602
557 620 mcf
623 calculix mcf
calculix lbm sphinx3
521 620 623
521 620 638
520 620
605 623 sphinx3
602 638 mcf
620 625 mcf
602 620 625
557 602 623
520 557 mcf
520 mcf
505 623 calculix
602 625 mcf
521 625 lbm
519 521 602
505 557 638
557 638 mcf
521 mcf sphinx3
520 602 calculix
623 calculix lbm
505 602 sphinx3
505 520 625
602 lbm sphinx3
602 calculix mcf
505 602 638
505 557 calculix
520 557 625
505 557 mcf
605 623 638
520 557 calculix
638 lbm sphinx3
calculix lbm
605 620 sphinx3
505 521 620
521 lbm
519 557 638
505 520 sphinx3
605 623 625
602 620
520 625 mcf
505 mcf
505 602 625
519 521 sphinx3
623 638 lbm
605 sphinx3
520 mcf sphinx3
557 623 mcf
521 605
520 521 623
620 625 lbm
519 521 625
605 625 638
557 mcf sphinx3
557 602 620
520 521 620
521 638 lbm
521 557 605
520 602 638
520 557 sphinx3
521 mcf
605 623
557 602 lbm
519 623 625
505 620
519 557 625
602 605
557 625 lbm
520 602 mcf
519 521
519 557 602
605 625 calculix
lbm sphinx3
calculix mcf sphinx3
521 602 lbm
520 620 625
605 625
557 calculix lbm
620 623 625
623 lbm sphinx3
638 mcf sphinx3
620 623 sphinx3
557 605 calculix
602 625 lbm
623 625 lbm
602 calculix lbm
519 625
520 557 602
505 521 sphinx3
521 620 mcf
605 calculix
602 mcf sphinx3
519 521 623
505 623 625
620 lbm
505 557 623
519 625 638
521 638 mcf
519 521 557
557 605 620
625 mcf sphinx3
520 521 mcf
505 sphinx3
520 557 605
519 623 sphinx3
602 623 calculix
557 620 lbm
calculix mcf
505 520
520 623 638
505 623 sphinx3
638 lbm
623 lbm
520 623 sphinx3
557 605
602 620 calculix
620 638 mcf
505 521 mcf
521 620 625
505 625 sphinx3
520 623 calculix
