620 638 libquantum
519 623 625
557 620 623
519 557 625
520 623 625
519 638 sphinx3
505 calculix lbm
623 calculix lbm
521 605 623
505 557 mcf
519 520 620
620 625 libquantum
602 638 lbm
519 521 623
505 520 623
557 602 620
519 620 sphinx3
638 libquantum sphinx3
505 520 557
602 605 638
519 520 557
519 521 620
521 625 mcf
505 520 sphinx3
557 625 lbm
519 557 602
602 605 calculix
557 625 libquantum
519 623 calculix
605 625 638
519 602 calculix
557 605 620
623 625 lbm
557 620 mcf
602 620 sphinx3
519 620 623
557 638 mcf
605 638 sphinx3
519 557 sphinx3
623 lbm sphinx3
505 623 mcf
602 calculix mcf
520 602 mcf
521 605 sphinx3
521 605 638
521 calculix lbm
602 libquantum sphinx3
602 605 620
557 605 calculix
519 602 638
605 mcf sphinx3
519 557 calculix
520 602 605
602 lbm sphinx3
521 libquantum sphinx3
605 625 sphinx3
520 623 lbm
625 calculix libquantum
605 623 625
505 625 mcf
557 620 libquantum
520 602 620
521 638 libquantum
521 638 lbm
505 602 625
519 623 638
519 520 625
520 602 lbm
519 calculix sphinx3
521 620 mcf
505 lbm sphinx3
602 625 lbm
605 calculix mcf
505 602 605
519 620 625
620 625 lbm
605 623 calculix
602 625 libquantum
519 557 620
557 602 605
557 602 lbm
519 521 625
519 620 calculix
602 620 623
520 521 mcf
557 623 mcf
520 557 lbm
505 602 mcf
557 638 libquantum
520 557 602
623 mcf sphinx3
calculix lbm sphinx3
505 623 sphinx3
519 521 calculix
520 521 605
519 521 638
520 602 623
519 638 calculix
520 557 623
521 605 620
520 605 623
519 520 sphinx3
521 623 mcf
602 620 mcf
521 605 625
505 625 lbm
505 623 625
623 638 lbm
620 625 mcf
623 625 libquantum
602 calculix libquantum
505 557 620
620 623 625
638 lbm sphinx3
520 557 mcf
521 638 mcf
602 638 libquantum
519 557 623
505 620 sphinx3
519 602 sphinx3
602 620 lbm
623 calculix mcf
505 557 lbm
620 mcf sphinx3
605 calculix sphinx3
520 521 lbm
605 620 sphinx3
520 521 620
521 605 mcf
505 521 lbm
505 520 521
520 557 620
calculix libquantum sphinx3
623 libquantum sphinx3
505 605 625
519 521 602
602 605 mcf
605 623 sphinx3
505 521 623
557 lbm sphinx3
505 521 625
505 623 calculix
519 602 625
519 520 623
620 calculix libquantum
520 620 623
605 625 calculix
505 521 mcf
520 521 623
602 calculix lbm
605 623 mcf
557 620 lbm
605 620 625
625 lbm sphinx3
520 623 sphinx3
520 623 mcf
505 605 sphinx3
557 605 sphinx3
505 602 sphinx3
620 libquantum sphinx3
557 605 mcf
557 638 lbm
623 638 libquantum
505 mcf sphinx3
519 520 521
557 calculix libquantum
625 638 libquantum
602 605 623
519 625 638
620 calculix lbm
620 lbm sphinx3
638 calculix libquantum
505 557 605
602 625 mcf
521 620 lbm
602 605 sphinx3
625 libquantum sphinx3
521 625 libquantum
521 620 623
521 623 lbm
638 calculix lbm
520 521 602
605 620 623
557 605 625
505 521 calculix
505 520 602
625 638 lbm
520 lbm sphinx3
505 calculix mcf
521 lbm sphinx3
557 libquantum sphinx3
505 521 620
623 625 mcf
519 623 sphinx3
602 605 625
519 557 638
521 calculix libquantum
505 521 605
520 605 sphinx3
557 605 638
519 625 calculix
505 557 623
623 calculix libquantum
605 625 mcf
520 557 605
519 602 620
557 calculix lbm
521 625 lbm
521 calculix mcf
505 605 623
521 605 calculix
519 521 sphinx3
557 605 623
519 602 623
505 602 620
519 625 sphinx3
520 602 sphinx3
557 623 libquantum
519 520 602
625 calculix lbm
521 602 620
602 638 mcf
602 mcf sphinx3
557 623 lbm
620 623 sphinx3
