520 638 calculix
505 623
557 623 625
521 620 625
521 638 calculix
625 638 lbm
602 625
520 623
505 625
505 638 calculix
520 625 sphinx3
505 602 sphinx3
557 625 638
557 620
557 mcf sphinx3
625 sphinx3
625 calculix lbm
505 sphinx3
521 557 calculix
520 602 calculix
521 623 625
520 625 638
602 623
505 602 calculix
557 602 620
557 625
557 620 calculix
521 620 638
520 521 sphinx3
505 557
520 620 sphinx3
520 521 625
505 520 sphinx3
521 557 638
620 calculix sphinx3
505 623 638
557 620 625
505 557 638
521 625 638
calculix lbm
520 557 sphinx3
520 620 638
520 calculix sphinx3
505 521 625
623 638 sphinx3
557 625 calculix
557 602
505 620
505 calculix
620 623
521 638 sphinx3
620 sphinx3
520 521 638
602 638
602 620 calculix
505 638 sphinx3
505 520
557 620 sphinx3
520 calculix
520 sphinx3
calculix mcf sphinx3
620 625 calculix
620 625 sphinx3
505 625 638
521 calculix
557 638 calculix
521 mcf
620 638 calculix
623 calculix sphinx3
602 623 calculix
623 638
520 557
602 calculix
625 calculix mcf
520 557 602
505 620 sphinx3
520 620
521 557
602 620
602 sphinx3
620 calculix
620 625 638
623 sphinx3
602 638 mcf
521 calculix mcf
521 557 620
520 625
505 625 calculix
557 638 sphinx3
623 calculix
505 602 625
521 620 calculix
638 calculix mcf
557 623 calculix
602 calculix mcf
623 625 638
625 calculix sphinx3
520 602 625
505 557 calculix
520 623 calculix
520 625 calculix
521 620 sphinx3
520 602 sphinx3
557 sphinx3
521 625 mcf
521 638 mcf
557 mcf
623 638 calculix
625 mcf
521 620
625 mcf sphinx3
505 521 calculix
625 638 mcf
521 638
602 620 638
505 602 638
505 602
620 623 calculix
557 623 638
505 521 638
521 623 calculix
620 623 638
520 521 calculix
calculix mcf
520 521 557
521 625
520 602
638 mcf
557 623
521 sphinx3
505 521
mcf sphinx3
638 lbm
602 638 calculix
620 625
520 638 sphinx3
521 mcf sphinx3
520 638
557 623 sphinx3
521 625 calculix
521 623 638
520 521
521 calculix sphinx3
520 557 638
505 623 calculix
557 620 638
505 623 sphinx3
602 623 sphinx3
505 638
521 602 620
521 623
602 623 638
620 638
623 625 calculix
505 calculix sphinx3
638 mcf sphinx3
520 602 638
602 625 638
520 557 625
602 620 625
521 602
520 623 638
602 620 sphinx3
505 521 sphinx3
lbm sphinx3
602 mcf
620 638 sphinx3
520 521 602
625 lbm
623 625 sphinx3
625 638 sphinx3
638 calculix lbm
calculix sphinx3
520 557 calculix
623 625
505 557 sphinx3
505 623 625
