520 638 sphinx3
521 620
625 libquantum
519 521 calculix
602 620 lbm
557 sphinx3
519 602
520 620 625
602 calculix lbm
623 lbm
505 521 620
505 623 638
602 625 mcf
557 638 sphinx3
521 638 sphinx3
520 557 calculix
602 625 lbm
521 625 calculix
521 605 sphinx3
505 521 557
520 625 sphinx3
557 620 sphinx3
521 557 620
505 557 620
521 602 calculix
605 620
505 557 calculix
620 lbm
623 625 mcf
520 602 sphinx3
505 623 sphinx3
520 557 602
519 620 638
520 602 623
505 623
620 calculix sphinx3
calculix mcf
520 623 mcf
520 lbm sphinx3
521 625 mcf
605 638 sphinx3
557 623 sphinx3
519 521
557 620 lbm
521 620 638
520 605
520 557 625
602 mcf
602 620 625
623 638 sphinx3
520 557 mcf
521 602 sphinx3
557 602 605
557 605
638 lbm sphinx3
521 605
520 521 623
521 602
505 602
605 623 sphinx3
620 625 mcf
625 lbm sphinx3
505 557
520 mcf
602 605 sphinx3
505 625
520 623 625
520 623 sphinx3
520 620 calculix
521 623 sphinx3
602 605 calculix
519 520 calculix
505 520 521
605 calculix
620 638 lbm
605 623 625
520 620 sphinx3
620 625 lbm
519 520
505 620
505 520 calculix
520 lbm
505 623 mcf
520 521 625
638 lbm
521 602 638
521 557
602 mcf sphinx3
520 605 calculix
505 623 625
557 602 638
521 625 sphinx3
602 605 623
520 521 638
505 620 638
520 521 lbm
557 623 625
519 625 sphinx3
505 623 calculix
557 602 sphinx3
505 638 sphinx3
520 521 mcf
623 calculix lbm
557 mcf
521 620 sphinx3
557 mcf sphinx3
520 602 625
520 625 lbm
calculix mcf sphinx3
521 605 638
557 605 calculix
521 557 638
519 638
620 lbm sphinx3
505 520 602
520 625 mcf
620 638
557 620 mcf
521 605 620
520 605 638
520 602 calculix
620 638 mcf
520 521 calculix
620 623 sphinx3
505 557 638
605 623
638 calculix lbm
602 623 calculix
521 625
557 calculix mcf
625 638 lbm
521 calculix lbm
557 libquantum
521 lbm
521 638 mcf
505 638 calculix
602 620 638
602 lbm sphinx3
520 638
505 602 620
605 620 625
521 625 638
520 623 638
521 602 623
505 calculix sphinx3
620 mcf sphinx3
505 602 sphinx3
620 calculix mcf
605 625
520 557 sphinx3
602 623 625
605 620 623
libquantum sphinx3
557 620 625
521 lbm sphinx3
557 602 calculix
521 620 623
505 605 623
520 mcf sphinx3
520 605 625
620 623 calculix
557 calculix lbm
520 602 620
520 calculix lbm
623 libquantum
605 623 calculix
505 521 sphinx3
623 625
505 mcf
623 lbm sphinx3
505 625 mcf
557 620
520 557 638
557 625 lbm
605 623 638
602 625 sphinx3
519 602 calculix
602 625
623 calculix sphinx3
602 calculix
519 521 638
620 623
519 602 625
557 602 625
521 mcf sphinx3
521 mcf
521 557 625
557 602
505 557 605
557 625 mcf
520 calculix mcf
605 mcf
505 620 sphinx3
505 521 calculix
602 calculix mcf
605 638 calculix
602 623
519 638 sphinx3
521 623 calculix
557 605 623
602 605 625
557 lbm
521 557 605
520 521
505 602 mcf
521 620 mcf
505 625 638
602 620 sphinx3
557 623
520 602 lbm
520 602 mcf
calculix lbm sphinx3
557 623 638
521 557 sphinx3
625 mcf sphinx3
620 623 625
521 libquantum
505 557 sphinx3
602 620 623
521 623 638
520 557
520 623 calculix
520 557 623
605 620 sphinx3
519 557 638
519 557 calculix
557 638 mcf
623 625 lbm
520 557 605
520 620
521 623 lbm
505 521
505 625 calculix
625 mcf
623 638 lbm
520 602 605
505 sphinx3
557 602 623
521 623 625
557 620 638
519 620 calculix
521 557 602
519 620
521 620 calculix
620 sphinx3
557 calculix sphinx3
505 602 638
505 mcf sphinx3
520 602 638
lbm sphinx3
602 620
505 520 625
520 638 lbm
602 638 sphinx3
623 calculix mcf
505 605
620 638 calculix
557 602 mcf
605 sphinx3
519 557 sphinx3
602 605
520 605 623
520 625
623 mcf
505 520 638
520 623
602 calculix sphinx3
520 521 sphinx3
521 605 calculix
521 620 lbm
505 638 mcf
505 620 calculix
520 625 638
505 638
521 638 lbm
calculix libquantum
505 557 mcf
521 602 620
521 calculix sphinx3
620 mcf
520 calculix
519 sphinx3
620 calculix
620 625 sphinx3
638 mcf sphinx3
557 602 620
519 625
557 625 sphinx3
602 605 638
638 calculix mcf
602 605 620
505 calculix
505 557 625
521 557 calculix
521 625 lbm
620 625 calculix
505 557 623
520 521 557
519 625 calculix
mcf sphinx3
505 520 sphinx3
620 638 sphinx3
505 521 638
625 638 mcf
557 623 lbm
620 calculix lbm
520 638 calculix
623 638
505 520 557
520 557 620
505 521 623
605 620 638
505 602 625
557 605 625
519 521 625
520 620 623
519 520 638
623 sphinx3
520 521 602
505 602 calculix
519 557
521 620 625
520 602
638 libquantum
520 605 sphinx3
520 638 mcf
520 521 620
623 638 mcf
519 521 557
557 605 638
520 625 calculix
520 calculix sphinx3
623 mcf sphinx3
623 625 sphinx3
557 605 620
605 625 calculix
602 625 calculix
620 623 638
623 625 638
505 557 602
505 lbm
602 623 sphinx3
505 620 625
605 calculix sphinx3
505 605 sphinx3
519 557 625
605 625 sphinx3
605 638
505 521 625
620 625 638
520 623 lbm
602 sphinx3
520 sphinx3
521 605 625
505 625 sphinx3
605 625 638
521 605 623
557 602 lbm
602 620 mcf
557 620 623
520 557 lbm
519 638 calculix
519 625 638
602 638 mcf
521 sphinx3
505 calculix mcf
519 calculix
505 521 mcf
521 557 623
602 lbm
557 638 lbm
557 605 sphinx3
519 calculix sphinx3
557 623 calculix
521 calculix mcf
557 623 mcf
505 520
505 520 623
521 623 mcf
623 625 calculix
625 calculix mcf
602 625 638
625 lbm
638 mcf
602 638 lbm
521 602 625
625 calculix lbm
602 620 calculix
calculix lbm
620 625
519 602 638
519 623
602 libquantum
623 calculix
557 620 calculix
520 620 638
605 620 calculix
521 623
520 521 605
602 623 638
