****************** 
502 20000007307 37682240315 210580774 339851153 0.619626 0.530754 
****************** 
505 20000003827 30187546299 231845757 592491742 0.391306 0.662525
******************  
519 19999992668 25997584681 362293814 560780240 0.646053 0.769302 
****************** 
520 20000012629 35253987522 168378849 430216231 0.391382 0.567312 
****************** 
521 20000046061 20634612353 74804411 140083464 0.533999 0.969247 
****************** 
523 20000127608 14956593089 2857352 601181743 0.004753 1.337211 
****************** 
544 20000001924 18013797263 9235119 23054711 0.400574 1.110260 
****************** 
548 20000009811 8464573685 91466 95731 0.955448 2.362790 
****************** 
549 19999993962 41830245435 488183133 587462930 0.831002 0.478123 
****************** 
557 19999990645 30101861710 81006759 193653421 0.418308 0.664410 
****************** 
602 19999998977 102295131621 437170034 553565500 0.789735 0.195513 
****************** 
605 20000014258 37656475980 393642112 1132444479 0.347604 0.531118 
****************** 
607 19999999502 21053372403 89413091 264049126 0.338623 0.949967 
****************** 
619 20000005527 29423250360 665494467 767232099 0.867397 0.679735 
****************** 
620 19999988092 35121411266 165839636 429772014 0.385878 0.569453 
****************** 
623 20000046139 46353973876 214888071 665712961 0.322794 0.431463 
****************** 
625 20000067093 7254541831 10099964 17818537 0.566823 2.756903 
****************** 
627 9999983818 6763626261 28468531 114114669 0.249473 1.478494 
****************** 
638 20000005301 9898138632 1937483 55907961 0.034655 2.020582 
****************** 
527 20000022851 14150322804 41018343 170449249 0.240648 1.413397 
****************** 
649 20000015409 42731501947 556864123 655851807 0.849070 0.468039 
****************** 
gromacs 20000114091 10939673789 3247197 38946672 0.083375 1.828219 
****************** 
mcf 20000003884 46484033396 413272116 1376107207 0.300320 0.430255 
****************** 
calculix 20000192065 9136242165 6771795 90550031 0.074785 2.189105 
****************** 
sphinx3 20000234098 18658998684 44098037 244908708 0.180059 1.071881 
****************** 
lbm 20000052307 28221606666 333287502 617846483 0.539434 0.708679 
****************** 
libquantum 20000075775 27447901732 523075274 634417079 0.824497 0.728656 
****************** 
soplex 19999961366 57946965909 552539795 618334855 0.893593 0.345143 
****************** 
omnetpp 20000045329 12242776912 792901 482040654 0.001645 1.633620 
****************** 
hmmer 20000123135 9688771592 2458138 66317706 0.037066 2.064258 
