623 625 sphinx3
mcf sphinx3
505 602 638
521 602
620 mcf sphinx3
calculix libquantum
521 557 calculix
605 623 625
520 521 mcf
521 620 lbm
519 620 625
520 625 638
623 625 lbm
520 605 623
557 620 623
505 557
557 623 625
519 620 623
505 605
520 521 638
519 520 calculix
520 623 638
519 602 625
620 623 calculix
521 605 620
520 521 lbm
519 625
505 605 calculix
557 602 605
505 557 620
623 625 calculix
505 638 calculix
520 605
557 605 mcf
505 calculix sphinx3
519 521 638
521 calculix lbm
625 638 lbm
625 638 mcf
505 625 638
519 602
520 557 mcf
519 520
520 602 lbm
521 557 623
519 521
519 520 638
620 lbm
521 620 638
520 620 623
505 lbm
520 521 623
calculix lbm sphinx3
623 638 mcf
623 sphinx3
605 623
521 620 625
605 638 sphinx3
625 calculix lbm
520 625 sphinx3
520 602 620
lbm sphinx3
calculix lbm
602 605 623
519 521 sphinx3
557 620 calculix
519 521 623
520 620 sphinx3
520 623
605 638 mcf
602 lbm
605 620 623
557 620 lbm
520 lbm
605 623 mcf
557 602 623
602 623 calculix
521 620 623
605 638 calculix
605 620
557 lbm
557 623 638
557 602 625
505 620 625
557 625 mcf
620 mcf
519 520 623
623 lbm sphinx3
519 623
620 638 lbm
602 625 lbm
620 623 625
520 605 625
521 620
505 557 sphinx3
521 625 lbm
505 520 521
519 625 calculix
520 602 calculix
520 521 602
557 623 sphinx3
602 625 mcf
505 620
625 libquantum
520 557 sphinx3
602 620 623
520 623 calculix
620 623 sphinx3
521 557 625
620 calculix lbm
620 623 638
505 521 mcf
520 calculix sphinx3
521 605 calculix
505 521 557
520 623 sphinx3
505 605 623
520 602 605
505 620 638
602 620 638
519 602 623
519 620 calculix
623 625 mcf
602 623 625
519 620 sphinx3
557 638 mcf
505 mcf sphinx3
620 623
557 calculix mcf
521 557 605
505 557 602
602 605 638
520 638 lbm
557 623 lbm
519 623 calculix
505 602 calculix
520 620 calculix
602 605 625
521 620 sphinx3
521 602 sphinx3
605 620 sphinx3
519 557 623
605 620 625
557 mcf sphinx3
505 520 557
605 623 sphinx3
602 libquantum
557 mcf
605 sphinx3
557 638 lbm
520 602 mcf
620 638 mcf
602 605 calculix
520 602 623
602 605 mcf
521 623
602 sphinx3
638 calculix mcf
638 calculix lbm
623 libquantum
520 557 625
519 521 602
520 557 602
520 602 625
505 521 625
625 calculix mcf
519 557 602
519 sphinx3
602 620 calculix
520 625 lbm
557 620 mcf
520 638 calculix
620 638 sphinx3
505 623 625
calculix mcf sphinx3
520 557 calculix
505 605 638
557 605 calculix
505 605 sphinx3
623 calculix lbm
520 605 sphinx3
520 602 638
557 605 623
602 lbm sphinx3
519 623 sphinx3
620 calculix sphinx3
605 mcf
505 521
519 620 638
libquantum sphinx3
521 557
519 638 sphinx3
505 602 625
638 mcf sphinx3
602 623
505 638 mcf
520 557 605
505 521 620
505 602 620
557 623 calculix
505 620 sphinx3
505 mcf
505 557 638
505 620 calculix
519 520 557
521 mcf sphinx3
623 625 638
521 libquantum
521 620 mcf
505 521 638
520 605 638
605 625 calculix
602 mcf sphinx3
521 557 602
505 602 sphinx3
519 557 620
521 calculix mcf
521 557 620
521 623 625
520 620 625
505 557 mcf
520 605 calculix
557 602 620
520 sphinx3
519 625 sphinx3
520 calculix lbm
520 625 mcf
505 605 625
519 520 620
521 623 638
521 lbm
521 mcf
519 620
623 calculix sphinx3
620 625 calculix
520 521 557
505 521 sphinx3
557 605
605 623 638
602 620
519 521 620
620 libquantum
557 620 sphinx3
521 602 623
505 625 calculix
519 557 calculix
557 602 638
520 638 sphinx3
520 mcf sphinx3
625 lbm
638 libquantum
623 mcf sphinx3
605 623 calculix
521 623 mcf
505 602
505 520 602
602 620 mcf
521 602 620
519 623 638
638 lbm
519 602 620
520 521 620
520 lbm sphinx3
520 638 mcf
521 605 623
521 623 lbm
520 620 638
519 calculix sphinx3
505 calculix
520 557 lbm
521 605 sphinx3
521 620 calculix
505 557 calculix
557 620 625
520 602 sphinx3
520 521 625
521 605
520 521 605
505 520 625
623 mcf
505 623
557 620 638
602 638 mcf
521 602 638
602 620 sphinx3
505 625 mcf
602 605 sphinx3
505 521 623
521 557 638
519 520 602
620 625 638
519 625 638
620 625 lbm
620 625 mcf
605 calculix sphinx3
605 620 calculix
505 638 sphinx3
557 623
calculix mcf
557 623 mcf
602 605
602 calculix lbm
520 521 calculix
625 mcf sphinx3
625 mcf
519 557 sphinx3
520 625 calculix
519 638 calculix
521 638 mcf
519 557 638
519 521 calculix
557 625 lbm
605 625 sphinx3
519 521 625
623 calculix mcf
520 623 mcf
623 638 sphinx3
623 lbm
602 623 638
625 lbm sphinx3
605 638
505 calculix mcf
638 lbm sphinx3
505 520 sphinx3
505 623 638
557 605 625
620 625 sphinx3
620 lbm sphinx3
519 520 521
521 605 mcf
505 521 calculix
519 602 sphinx3
505 602 605
620 638 calculix
521 638 lbm
520 557 638
505 520
519 623 625
520 623 lbm
521 623 calculix
505 638
557 602 mcf
520 557 620
557 calculix lbm
557 605 sphinx3
521 602 calculix
557 libquantum
505 557 623
505 521 605
519 557 625
620 sphinx3
520 623 625
602 638 lbm
519 602 638
623 638 lbm
520 mcf
519 638
605 620 638
557 605 620
505 557 625
519 520 625
557 602 lbm
602 mcf
602 620 lbm
620 calculix mcf
505 520 638
521 602 625
605 calculix mcf
521 623 sphinx3
505 602 mcf
519 calculix
505 623 sphinx3
605 mcf sphinx3
605 calculix
519 557
557 lbm sphinx3
557 605 638
519 602 calculix
638 mcf
605 625
623 625
602 calculix mcf
605 625 638
505 sphinx3
505 625
602 623 sphinx3
602 620 625
520 calculix mcf
602 605 620
505 520 623
505 520 calculix
519 520 sphinx3
521 605 625
623 calculix
505 557 605
505 623 calculix
521 625 mcf
605 625 mcf
520 521
521 605 638
520 521 sphinx3
520 557 623
