623 calculix mcf
521 602 calculix
557 623 sphinx3
520 521 620
521 557 calculix
505 623 638
505 620
520 620 625
521 557 625
623 mcf sphinx3
620 623 calculix
521 602 623
519 625 638
521 sphinx3
557 638 lbm
520 625 mcf
638 mcf
602 sphinx3
505 sphinx3
505 638
557 625 lbm
505 638 mcf
519 602
505 557 mcf
557 calculix mcf
521 lbm
638 calculix lbm
602 calculix
557 623 mcf
520 623
557 libquantum
521 557
602 625 mcf
557 602 mcf
505 calculix mcf
calculix mcf
519 625 calculix
520 557 625
521 libquantum
521 calculix sphinx3
505 calculix
520 521 623
505 mcf
521 557 602
602 625 calculix
521 638 lbm
520 602 sphinx3
602 638 lbm
calculix lbm sphinx3
519 620
521 620 623
602 mcf
mcf sphinx3
520 calculix sphinx3
557 620 mcf
623 calculix
602 623
505 623 sphinx3
602 mcf sphinx3
505 620 sphinx3
519 638
505 625 638
557 625 mcf
519 sphinx3
520 557
602 638 mcf
505 602 sphinx3
521 625 638
lbm sphinx3
calculix libquantum
620 625
521 calculix mcf
623 638 mcf
623 625 mcf
602 625 lbm
520 521 602
505 625 sphinx3
505 557 638
520 625 638
602 calculix mcf
505 521 638
557 623 625
557 calculix sphinx3
505 625
521 623 638
620 623 sphinx3
638 calculix mcf
602 lbm
521 625
602 623 638
505 602 mcf
520 557 mcf
557 623
620 calculix sphinx3
602 calculix sphinx3
620 623
602 620 calculix
625 calculix mcf
623 638
libquantum sphinx3
620 calculix
521 602 620
505 638 calculix
505 638 sphinx3
623 625 sphinx3
520 521 mcf
620 638
520 602 mcf
520 557 638
620 625 638
505 557 625
620 mcf
505 557 calculix
557 620 sphinx3
557 mcf sphinx3
520 mcf sphinx3
520 625 sphinx3
620 calculix mcf
557 620 638
620 625 calculix
520 620 623
602 638 sphinx3
521 mcf
625 mcf
557 602 638
505 521 mcf
521 623 calculix
519 557
638 libquantum
505 520 557
520 602 620
521 lbm sphinx3
602 623 calculix
505 520 625
521 638 sphinx3
557 638 sphinx3
521 602 638
520 calculix mcf
638 mcf sphinx3
620 625 sphinx3
505 calculix sphinx3
520 521
519 625
519 623
520 620 calculix
521 638 mcf
520 623 mcf
505 620 638
520 625
505 520 602
520 620
505 mcf sphinx3
505 521 sphinx3
520 602 638
521 602
557 602 calculix
520 638 calculix
520 calculix
602 620 sphinx3
521 mcf sphinx3
505 625 mcf
521 calculix lbm
520 623 638
638 lbm
505 521 557
602 libquantum
520 557 sphinx3
557 602 623
520 638
505 620 625
505 521 620
557 lbm
505 602
505 557
505 602 625
521 557 623
505 521 625
520 sphinx3
638 lbm sphinx3
557 620 calculix
557 625 sphinx3
calculix lbm
505 602 620
602 620 623
521 623 625
623 625 calculix
505 520 calculix
521 620 mcf
505 520 521
521 620 calculix
505 602 638
557 sphinx3
520 521 calculix
505 557 623
505 520 sphinx3
505 520 623
521 620 625
520 602 625
521 620 638
557 620
557 620 623
602 623 625
521 557 620
520 602
602 623 sphinx3
520 557 602
520 620 638
520 625 calculix
505 557 620
557 602 sphinx3
620 625 mcf
623 638 sphinx3
520 557 620
623 625 638
505 623 625
521 625 calculix
602 620 625
620 623 625
520 521 sphinx3
602 625 sphinx3
519 521
620 lbm
505 521 calculix
623 mcf
602 calculix lbm
520 mcf
505 623 mcf
520 557 calculix
521 623 mcf
557 620 625
505 520
505 521
520 521 625
520 638 sphinx3
557 602 625
557 638 mcf
521 625 sphinx3
557 623 638
623 625
521 557 sphinx3
505 623
520 lbm
521 620
625 638 lbm
520 521 557
505 520 638
521 620 sphinx3
505 521 623
520 557 623
620 638 calculix
520 623 625
520 620 sphinx3
505 623 calculix
519 calculix
521 623 sphinx3
602 620
520 602 calculix
521 625 lbm
623 calculix sphinx3
557 602
519 638 calculix
505 620 calculix
521 602 sphinx3
505 557 sphinx3
623 lbm
623 libquantum
623 sphinx3
602 620 638
557 602 620
521 602 625
602 625 638
625 libquantum
505 625 calculix
602 625
602 620 mcf
620 623 638
557 calculix lbm
520 623 calculix
625 lbm
620 638 mcf
505 602 calculix
calculix mcf sphinx3
520 521 638
620 638 sphinx3
520 638 mcf
557 mcf
520 623 sphinx3
620 sphinx3
521 557 638
625 mcf sphinx3
521 623
625 638 mcf
620 mcf sphinx3
520 602 623
521 625 mcf
625 calculix lbm
557 623 calculix
505 557 602
