calculix mcf
623 638 sphinx3
520 521 602
605 625
521 602
520 mcf
505 623
521 620 623
520 557 623
520 calculix sphinx3
623 sphinx3
602 623 625
520 521 605
520 620 623
505 623 625
625 calculix lbm
505 mcf
625 638 lbm
602 lbm
557 602 605
520 638 calculix
521 638 mcf
620 625 calculix
557 620 625
620 638 calculix
520 602 calculix
605 623 sphinx3
519 625
520 625 sphinx3
520 638 mcf
520 602 620
605 sphinx3
625 calculix mcf
521 623 625
505 521 638
605 620 625
521 623
557 625 lbm
620 638 mcf
520 557 sphinx3
520 623 638
505 520 521
520 521 557
623 calculix mcf
620 calculix mcf
520 557 602
505 521 sphinx3
557 605 625
520 638 sphinx3
605 620 calculix
605 623 calculix
521 602 625
521 lbm
557 602 625
605 620 sphinx3
557 605 638
505 557 sphinx3
520 602 sphinx3
520 605
605 calculix sphinx3
620 623 638
521 620 calculix
520 605 623
521 602 calculix
602 620 623
505 623 sphinx3
623 lbm
625 638 mcf
505 557 620
602 calculix mcf
520 625 calculix
521 620 625
557 620 mcf
602 620 638
521 557 602
505 638
638 calculix mcf
521 623 sphinx3
620 623 625
638 mcf
521 620 638
620 625 mcf
505 602
520 623 sphinx3
557 605
505 623 638
505 638 calculix
557 625 mcf
505 602 calculix
521 557 623
602 625 mcf
623 638 mcf
557 mcf sphinx3
521 620 sphinx3
520 625 mcf
521 557 625
505 520 calculix
557 620 623
505 520 625
623 625 mcf
638 mcf sphinx3
505 620
520 620 calculix
520 605 625
557 623 625
605 calculix
521 625 lbm
623 625 sphinx3
505 521 620
620 623 sphinx3
605 623
557 638 mcf
605 620
620 638 sphinx3
557 623
505 602 625
519 623
557 605 sphinx3
521 625 mcf
521 605 sphinx3
521 623 638
519 557
519 638
520 521 623
505 calculix
520 521 638
505 620 625
557 calculix lbm
557 605 calculix
625 mcf sphinx3
505 520 602
625 lbm
620 625 638
calculix lbm
520 620 638
505 625
602 sphinx3
521 605 625
605 638 sphinx3
505 623 calculix
602 623 sphinx3
620 lbm
519 638 calculix
505 557 638
638 lbm sphinx3
505 520
602 605 625
605 638 calculix
620 calculix sphinx3
505 620 638
505 520 638
625 mcf
520 625 638
520 602 623
521 602 sphinx3
602 623 638
505 620 calculix
623 calculix sphinx3
520 557 mcf
520 602 625
605 625 calculix
519 602
505 625 638
520 602 605
521 602 623
521 623 calculix
505 520 sphinx3
605 623 638
602 605 sphinx3
520 605 sphinx3
519 sphinx3
605 625 638
520 620 625
602 mcf
calculix lbm sphinx3
557 602 638
623 625 calculix
620 623
602 605
505 557
520 557 638
521 602 620
623 mcf sphinx3
521 mcf
602 623 calculix
505 557 625
lbm sphinx3
605 620 638
557 638 lbm
605 638
505 602 sphinx3
602 620 sphinx3
602 638 mcf
620 sphinx3
521 557 620
520 521 mcf
520 557 620
505 sphinx3
519 calculix
521 602 638
505 602 638
620 625 sphinx3
521 557 calculix
520 521 625
620 mcf sphinx3
557 lbm
520 620 sphinx3
520 521 sphinx3
505 557 calculix
505 calculix sphinx3
520 calculix mcf
521 620 mcf
557 620 sphinx3
505 521
521 calculix mcf
623 625
557 623 calculix
557 mcf
521 557
602 605 638
505 521 calculix
638 calculix lbm
620 mcf
620 623 calculix
mcf sphinx3
519 521
521 605
557 calculix mcf
557 620 calculix
602 623
520 602 638
557 623 638
505 521 625
623 mcf
623 625 638
520 557 625
505 520 557
638 lbm
520 605 calculix
520 sphinx3
520 605 638
520 mcf sphinx3
520 521 calculix
557 602 620
521 620
602 620
521 638 lbm
520 521
505 620 sphinx3
602 mcf sphinx3
557 623 sphinx3
505 638 sphinx3
520 557 calculix
505 625 calculix
520 623
521 605 638
557 620 638
521 mcf sphinx3
557 623 mcf
602 605 calculix
520 521 620
520 557 605
557 602 623
605 625 sphinx3
520 623 calculix
521 605 calculix
602 620 625
520 602 mcf
602 620 calculix
519 625 calculix
521 557 638
605 623 625
505 557 623
623 calculix
calculix mcf sphinx3
520 623 625
521 calculix lbm
