****************** 
505 16653075394 29266094249 201759483 486973554 0.569023 
519 20000289199 29345306651 524718830 554814062 0.681550 
520 12582654515 29350818385 149722716 279014451 0.428699 
****************** 
505 14958323469 27498075794 181113427 428364788 0.543977 
519 18274673986 27592013522 442699756 506323113 0.662318 
521 20000390720 27394200669 119186829 139038852 0.730096 
****************** 
505 14594673763 27302790428 205835499 415899142 0.534549 
519 20000103326 27409498761 343617125 553290598 0.729678 
557 13154424623 27379893294 108767273 126262521 0.480441 
****************** 
505 14669293252 26589775270 206279457 418062873 0.551689 
519 20000114836 26666576068 335990643 553190142 0.750007 
602 4470356060 26648223193 118936925 120031729 0.167754 
****************** 
505 15102375317 27946512492 210320833 431197634 0.540403 
519 20000091630 28024460683 396088900 554444209 0.713666 
620 10732839473 28003312136 173155858 247558095 0.383270 
****************** 
505 14729230555 26739511481 209003582 418447032 0.550841 
519 20000227549 26816400864 340874480 553134537 0.745821 
623 5383956916 26784786200 175809100 179624918 0.201008 
****************** 
505 4921414517 8705279939 66424282 135611932 0.565337 
519 6577900740 8736798146 116897156 182096560 0.752896 
625 20000352295 8113404395 16460427 19342894 2.465100 
****************** 
505 6132409301 10873386964 83498288 171085972 0.563983 
519 8173181379 10903879504 158514460 226196772 0.749566 
638 20000408289 10105972994 2422678 57313630 1.979068 
****************** 
505 6055569081 10779997987 82817648 169439772 0.561741 
519 8077632360 10825035323 156628720 224303606 0.746199 
calculix 20000684424 10451633786 15468276 91029852 1.913642 
****************** 
505 15812242970 29824250319 214101132 456736701 0.530181 
519 20000161783 29902073790 468472065 570217874 0.668855 
mcf 7513851249 29891800206 385073224 896750127 0.251368 
****************** 
505 14714365181 26811055134 208845278 417262483 0.548817 
519 20000104941 26886449637 348668088 553584497 0.743873 
sphinx3 13490637978 25492088177 146932283 153854469 0.529209 
****************** 
505 15734335612 33946502430 231270167 447474400 0.463504 
519 20000094367 34071014676 575250685 612222320 0.587012 
lbm 18424482990 33665691745 466797121 579885615 0.547278 
****************** 
505 14618584391 28282780702 215138337 411486476 0.516872 
519 20000140272 28390254981 359791404 553841020 0.704472 
libquantum 16168731784 28331086386 501935163 502267067 0.570706 
****************** 
505 14759686075 23052775336 171425184 422726268 0.640256 
520 11962260751 23082363751 122146380 261028651 0.518242 
521 20000239783 22917698637 102561668 138840378 0.872698 
****************** 
505 20000039424 31016732164 236781120 590552325 0.644815 
520 16190187353 31069258497 167345080 356401234 0.521100 
557 18208493875 31115024454 111045269 178798011 0.585199 
****************** 
505 20000044870 31627465513 246989988 595913132 0.632363 
520 17478117265 31695013406 162692413 378612076 0.551447 
602 5786923966 31720393186 152414066 154527184 0.182435 
****************** 
505 20000035576 32499680215 254171923 593579560 0.615392 
520 16968697041 32579844214 174391547 371412060 0.520834 
620 16815755520 32546167669 172711647 367002798 0.516674 
****************** 
505 20000067862 30844100156 238018907 589762005 0.648424 
520 15901497758 30928658154 168828270 349128390 0.514135 
623 7258686726 30909293930 214568260 241123212 0.234838 
****************** 
505 4957497456 7450919238 53764535 137312953 0.665354 
520 3926733108 7449049753 39613748 86154215 0.527146 
625 20000361845 7419129480 11738105 17752249 2.695783 
****************** 
505 7128519328 10741657740 77363724 198757254 0.663633 
520 5712626124 10785847620 57513097 125493195 0.529641 
638 20000371324 10005116545 2096523 59004410 1.999014 
****************** 
505 6330737698 9905890654 73774953 180438326 0.639088 
520 5450076301 9931409657 51012588 118534880 0.548772 
calculix 20000797768 9813558301 12575141 91070540 2.038078 
****************** 
505 20000190407 32238276192 243804430 589888553 0.620386 
520 16620655275 32287921049 168246699 363257381 0.514764 
mcf 9601729771 32339020497 408023129 938624681 0.296908 
****************** 
505 20000089851 31102933164 240215286 590678763 0.643029 
520 16278100103 31169728613 169154489 356624816 0.522241 
sphinx3 17882199342 31112941001 185569623 215192856 0.574751 
****************** 
505 16668688744 31083466442 239835708 484286195 0.536256 
520 11964072320 31161401857 194504404 275879056 0.383939 
lbm 20000125053 30823522429 429423908 617730245 0.648859 
****************** 
505 19594180032 31478531754 229710219 575083620 0.622462 
520 15849244870 31543942789 159612221 346682366 0.502450 
libquantum 20000211185 31499096116 634116969 634508032 0.634946 
****************** 
505 13187859016 21377368532 162672924 377015295 0.616908 
521 20000362914 21279517748 83018814 139102901 0.939888 
557 12716810460 21430837243 73080673 123860215 0.593388 
****************** 
505 13164181426 21209353533 163390742 378587806 0.620678 
521 20000303269 21077437749 81725304 139701082 0.948896 
602 3962694039 21254931119 101574520 104097170 0.186436 
****************** 
505 15019039710 23117744227 170306709 429198031 0.649676 
521 20000192908 23013296809 105525396 139016076 0.869071 
620 11887205044 23192338190 123423267 259206733 0.512549 
****************** 
505 14356534949 23358111637 179183988 411366392 0.614627 
521 20000347579 23266304528 111658136 145298275 0.859627 
623 7348163819 23445639774 136076256 243969762 0.313413 
****************** 
505 4988055990 7825171995 58192477 137819548 0.637437 
521 7142450613 7788772403 32072495 48942704 0.917019 
625 19999998551 7769165553 14481114 18608799 2.574279 
****************** 
505 7518943573 11702482144 86178499 209046399 0.642508 
521 11015123190 11633682662 46260460 76382180 0.946830 
638 20000434994 10979074264 6854659 59330645 1.821687 
****************** 
505 6233881289 9837805349 74214272 175053324 0.633666 
521 8978573810 9806457912 42038371 65640172 0.915578 
calculix 20001555072 9765236509 11960725 91226272 2.048241 
****************** 
505 14077274640 23196621719 171896968 399142486 0.606867 
521 20000204189 23092725521 98529935 141670342 0.866082 
mcf 6675018293 23263385597 339395521 882939922 0.286932 
****************** 
505 14275078916 22384629209 168570715 405066101 0.637718 
521 20000201339 22278950067 97639186 139602190 0.897717 
sphinx3 14405101589 22366121747 117590775 166106190 0.644059 
****************** 
505 14034850489 25788596825 198927859 397912014 0.544227 
521 20000510170 25682439902 131798326 148859424 0.778762 
lbm 16944686315 25528450191 337967356 522620874 0.663757 
****************** 
505 13512452632 23173039816 173829442 384420427 0.583111 
521 20000336945 23052894757 96783064 143494239 0.867585 
libquantum 15472326823 23180275389 460724772 474786817 0.667478 
****************** 
505 20000129226 31128411653 242133081 590611449 0.642504 
557 19780319798 31214810267 99356417 192731186 0.633684 
602 5742651897 31232567215 149804792 152647275 0.183867 
****************** 
505 20000024130 32384479701 251962205 592540945 0.617581 
557 18686068313 32430781174 119886416 180523950 0.576183 
620 17623493212 32412644465 164857331 381093137 0.543723 
****************** 
505 20000166998 32250242187 254084857 589529170 0.620156 
557 19270553489 32337085457 113858230 183766175 0.595927 
623 10181987739 32313002962 189408205 338607217 0.315105 
****************** 
505 4799316537 7407849938 53884414 131949321 0.647869 
557 4688600938 7403316565 23112002 45279389 0.633311 
625 20000316233 7335868950 11133968 17723124 2.726373 
****************** 
505 7037227293 10683902170 77655659 195660140 0.658676 
557 6612952294 10708261110 34863052 64423520 0.617556 
638 20000588115 9966628141 2021091 58795297 2.006756 
****************** 
505 6405666757 9741129783 71633886 180363740 0.657590 
557 6019924788 9766795291 31713584 58369411 0.616366 
calculix 20000726389 9639161096 11319404 90576729 2.074945 
****************** 
505 20000179292 33008134101 254644307 593627174 0.605917 
557 19760679970 33109266737 112166027 189708231 0.596832 
mcf 11437198844 33138468785 387677240 977151008 0.345134 
****************** 
505 17798945996 28718909964 225106234 525004237 0.619764 
557 17333570330 28834106775 99423620 165425224 0.601148 
sphinx3 20000676387 28746161737 129990454 243596667 0.695769 
****************** 
505 16650071834 30294390733 238040715 482760009 0.549609 
557 14961356365 30391337304 121561379 143661350 0.492290 
lbm 20000146923 30054769878 385121039 617144312 0.665457 
****************** 
505 19350078767 30588844764 225785995 571873008 0.632586 
557 17967418310 30670600966 100601572 178347698 0.585819 
libquantum 20000180633 30597014056 633965642 634459994 0.653664 
****************** 
505 20000023256 32624340680 259110757 590298231 0.613040 
602 6033055127 32696109026 158790376 160835487 0.184519 
620 18241650552 32673618895 161950158 392304508 0.558299 
****************** 
505 20000060216 32341820342 258851355 592177393 0.618396 
602 5983981533 32449934632 156643438 159440877 0.184407 
623 11138578393 32401832923 178536797 370628428 0.343764 
****************** 
505 5016056844 7413158023 54151129 139258074 0.676642 
602 1389990682 7430879428 35484026 36447881 0.187056 
625 20000420885 7359867049 11352745 17796770 2.717498 
****************** 
505 7250192225 10669392270 77019215 201422069 0.679532 
602 1947813731 10701828308 51099716 51746196 0.182008 
638 20000339849 9969778379 2032892 58827546 2.006097 
****************** 
505 6566402887 9695095087 71299180 184589271 0.677291 
602 1807193588 9711798209 46484686 47843221 0.186082 
calculix 20000772393 9621489399 11369552 90588038 2.078761 
****************** 
505 20000043048 31651884848 245408121 588381939 0.631875 
602 5772384968 31726811599 149736402 153352755 0.181940 
mcf 10106911431 31735780365 388949579 949933922 0.318471 
****************** 
505 17117756194 27471451200 217021453 499865743 0.623111 
602 5151039328 27544625903 134135835 136983740 0.187007 
sphinx3 20000415437 27484415871 114092882 243465443 0.727700 
****************** 
505 16524321120 29622865625 236101787 482244569 0.557823 
602 5041103923 29710031939 133640061 135026051 0.169677 
lbm 20000154074 29383423700 374805391 616940445 0.680661 
****************** 
505 19238963658 30447817932 230937880 568356798 0.631867 
602 5363140515 30522218192 137269698 142047016 0.175713 
libquantum 20000203756 30488051504 633760680 634478354 0.656001 
****************** 
505 20000061026 30847262391 238126474 590473229 0.648358 
620 15839537414 30898079282 168320423 346274513 0.512638 
623 7283935438 30880012110 214768225 241947417 0.235879 
****************** 
505 4974166600 7472719500 53961105 138242937 0.665643 
620 3951921236 7486185248 39706233 86430144 0.527895 
625 20000336258 7415010136 11735610 17776049 2.697277 
****************** 
505 7003422862 10948745806 80873041 194655898 0.639655 
620 5981951716 10976492091 56397958 130047716 0.544978 
638 20000317708 10212815204 3136623 59181285 1.958355 
****************** 
505 6218351153 9882023630 74653844 174025229 0.629259 
620 5469196916 9879579984 49994267 118318773 0.553586 
calculix 20000625833 9777141181 12279536 91216059 2.045652 
****************** 
505 20000076993 33066666379 255762561 592309709 0.604841 
620 17264168315 33128496773 172411517 374829993 0.521127 
mcf 10212248246 33181039778 407663009 951258121 0.307774 
****************** 
505 20000026059 30880950356 237541195 592418224 0.647649 
620 15957487138 30978832381 168008375 350335382 0.515109 
sphinx3 17415252721 30878537577 183208692 209661140 0.563992 
****************** 
505 17306038335 31552327265 238365642 507282866 0.548487 
620 12767419845 31649985811 183675390 289231869 0.403394 
lbm 20000118544 31295512494 481154518 617727900 0.639073 
****************** 
505 19527634822 31425912388 229060329 580158789 0.621386 
620 15693312857 31524913336 158721540 342612460 0.497807 
libquantum 20000221895 31449848243 634121253 634541536 0.635940 
****************** 
505 5075895046 8041615069 60970886 141394380 0.631203 
623 2998295614 8063840293 43219592 99501569 0.371820 
625 20000800037 7985318357 16484466 19223668 2.504697 
****************** 
505 6923151205 10957127598 82674351 193408301 0.631840 
623 3497804988 10961580530 66377945 116200152 0.319097 
638 20000313738 10247852253 3355557 58901827 1.951659 
****************** 
505 6285304265 9900205533 75201451 177047217 0.634866 
623 3459486240 9920396423 55093528 114986071 0.348725 
calculix 20000784372 9827919224 12812790 91490485 2.035099 
****************** 
505 20000006021 33756793487 268023913 590012826 0.592474 
623 9601434998 33805787698 203331427 319383266 0.284017 
mcf 11322307552 33840280108 397004837 973742237 0.334581 
****************** 
505 20000124802 30532408003 237860511 595140082 0.655046 
623 7432401639 30594147068 214401197 246853140 0.242935 
sphinx3 17365302141 30532515439 181628798 209289853 0.568748 
****************** 
505 16419915920 29816813689 237943707 475227469 0.550693 
623 6196252277 29875453656 197025405 206552821 0.207403 
lbm 20000147835 29563388148 381902655 616924245 0.676517 
****************** 
505 17094503198 29876362758 232828171 497186136 0.572175 
623 8714890609 29909569230 168196918 289725266 0.291375 
libquantum 20000206250 29867156896 613451547 634393268 0.669639 
****************** 
505 5019151555 7420611013 53997760 139778878 0.676380 
625 20000688947 7368666654 11410228 17706537 2.714289 
638 13917727617 6926798090 1390191 41264478 2.009258 
****************** 
505 4976639925 7433083864 54217099 138177883 0.669526 
625 20000282159 7334726227 11134112 17666596 2.726793 
calculix 14772691182 7335230986 6089158 44146630 2.013937 
****************** 
505 4842802230 7441683742 53481714 133854672 0.650767 
625 20000347091 7370741648 11364828 17737923 2.713478 
mcf 1772883492 7474855165 124792629 274215709 0.237180 
****************** 
505 4805782212 7399708425 54569958 132644563 0.649456 
625 20000404582 7361326574 11437248 17760315 2.716957 
sphinx3 6262032170 7321582701 32873994 52816728 0.855284 
****************** 
505 4865442923 8402100466 63706922 133973808 0.579075 
625 20000264613 8348172813 18177891 20343742 2.395766 
lbm 5560490699 8083783758 102840321 167167420 0.687857 
****************** 
505 4803761661 7465219930 51984433 131822324 0.643486 
625 20000842327 7435272375 11344994 17728670 2.689995 
libquantum 5539923005 7408973437 137959560 139806875 0.747732 
****************** 
505 6476729123 9629075949 70691424 180862521 0.672622 
638 18163515501 9014328127 1825248 53429481 2.014961 
calculix 20001405009 9542912132 10822489 90236080 2.095944 
****************** 
505 6597302529 10638560482 79652076 183617261 0.620131 
638 20000624823 9913814305 2020167 58922263 2.017450 
mcf 2619728274 10654712554 176582905 398274156 0.245875 
****************** 
505 7060096430 10647646876 78191871 196322299 0.663066 
638 20000740427 9951911343 2083946 59491212 2.009739 
sphinx3 7680063989 10586873559 54839698 73024257 0.725433 
****************** 
505 8238720092 14416143262 109966289 227715121 0.571493 
638 20000490772 13595427252 19343340 57932212 1.471119 
lbm 9654534042 14102084746 188557855 301169250 0.684618 
****************** 
505 7710070787 12575748346 91687384 213475162 0.613090 
638 20000265859 11848291111 11117288 58340315 1.688030 
libquantum 8979167087 12521054186 241158101 257035286 0.717125 
****************** 
505 6713915651 10340341988 75652280 187075591 0.649293 
calculix 20000536687 10229022239 15233549 90969923 1.955274 
mcf 2477053790 10404566868 174707961 384739740 0.238074 
****************** 
505 6518372757 9747438082 72004952 182857006 0.668727 
calculix 20000687969 9644469419 11862815 90666547 2.073799 
sphinx3 7152913155 9669513331 50336949 65487390 0.739739 
****************** 
505 6066777597 10692120894 82427136 168857424 0.567406 
calculix 20000712336 10532466321 16702020 92086547 1.898958 
lbm 7013221444 10329749296 146018335 211902917 0.678934 
****************** 
505 6078331149 9988291456 73751210 170278847 0.608546 
calculix 20000903555 9865130710 11793115 91352159 2.027434 
libquantum 7214629625 9917207974 191529060 202826604 0.727486 
****************** 
505 20000013660 32277958089 250181892 593330416 0.619618 
mcf 10649755831 32359547116 399560843 965144324 0.329107 
sphinx3 18409826431 32289675345 175427468 222393129 0.570146 
****************** 
505 17651985028 32773557233 244119668 517924484 0.538604 
lbm 20000105489 32520457428 527475239 620840985 0.615001 
mcf 7001762321 32920135600 413163029 890855908 0.212689 
****************** 
505 19113338455 31659006237 234873689 563590388 0.603725 
libquantum 20000159684 31696000513 631209942 634523145 0.630999 
mcf 8951975168 31773900288 387734913 926962427 0.281740 
****************** 
505 16666057065 30160745499 235938703 481825248 0.552574 
lbm 20000129109 29861881641 409424463 619262490 0.669754 
sphinx3 15499140004 30106080524 173668819 181870362 0.514818 
****************** 
505 18574722028 30493889707 233584310 549530650 0.609129 
libquantum 20000184004 30472522018 630164642 634484227 0.656335 
sphinx3 17392640442 30439491771 160422603 208905076 0.571384 
****************** 
505 16113383314 31481208646 243922003 461022692 0.511841 
lbm 20000126387 31189428447 396865841 618238167 0.641247 
libquantum 17777721317 31531960852 562120427 562599399 0.563800 
****************** 
519 18696485590 26521427646 415738605 532395137 0.704958 
520 11337587819 26594475107 149703002 255541703 0.426314 
521 20000302288 26400432686 128718145 145828310 0.757575 
****************** 
519 20000030385 28490119331 477725818 559139548 0.701999 
520 12899535454 28541774105 150871269 286480592 0.451953 
557 14769841709 28552173809 102154445 148045068 0.517293 
****************** 
519 20000041780 27595209412 429063454 558419255 0.724765 
520 12365433130 27650238423 156730628 277375198 0.447209 
602 4437029301 27670635163 117295679 118968056 0.160352 
****************** 
519 20000044612 29059740096 505158966 562258392 0.688239 
520 12775041979 29127402271 153079029 284910525 0.438592 
620 12615766301 29127987745 152819432 281212466 0.433115 
****************** 
519 20000092387 27735004962 419052934 561042364 0.721114 
520 11714992879 27791645254 165246767 266257006 0.421529 
623 5403106085 27783382278 173709223 180185679 0.194473 
****************** 
519 5746783293 7955749128 131079717 160453767 0.722343 
520 3692373593 7984642561 42915159 82599145 0.462434 
625 20000795387 7876614455 13751244 18238885 2.539263 
****************** 
519 8226264798 11353825997 190480646 230128142 0.724537 
520 5238853816 11366106491 61902370 117316858 0.460919 
638 20000418339 10579500575 4389266 58578778 1.890488 
****************** 
519 7706118089 10634318585 175227211 215001690 0.724646 
520 4843851611 10676911462 58843895 108657857 0.453675 
calculix 20000715980 10549553175 15720735 91258901 1.895883 
****************** 
519 20000039596 30516045377 507259248 562608752 0.655394 
520 12685959291 30579836132 153329834 283258791 0.414847 
mcf 7392912869 30613579210 386330306 897717676 0.241491 
****************** 
519 19999997592 28432425113 480976107 558977641 0.703422 
520 12907466802 28499117807 149819132 286960569 0.452908 
sphinx3 14369101611 28419318807 151730348 166950972 0.505610 
****************** 
519 20000106547 35524089417 513205523 573694391 0.563001 
520 12369013366 35645098701 157589311 279510907 0.347005 
lbm 17826946997 35310681137 572426557 608005507 0.504860 
****************** 
519 20000037595 30110075134 460668753 557734332 0.664231 
520 12918651583 30190745988 147881657 286408275 0.427901 
libquantum 15579398335 30128730920 479203811 479626726 0.517094 
****************** 
519 18907574202 25950423792 369195089 527387051 0.728604 
521 20000416947 25814111823 129640871 146448880 0.774786 
557 12909193863 25998696782 100158871 125763933 0.496532 
****************** 
519 18676439673 25315369823 366243903 519707538 0.737751 
521 20000368748 25216036354 124292984 144554086 0.793161 
602 4215679408 25424480587 110668487 112607503 0.165812 
****************** 
519 18920352221 26693562146 410340713 528779872 0.708798 
521 20000520560 26583539629 134078550 148300910 0.752365 
620 11330140639 26752351095 149977317 254130043 0.423519 
****************** 
519 18770389229 25634871515 367219896 526440374 0.732221 
521 20000250764 25517017118 126690283 145567732 0.783800 
623 5074120142 25701703891 164193557 169295108 0.197423 
****************** 
519 6139613092 8248940413 115842328 171925801 0.744291 
521 6284334940 8207382123 44352776 48882526 0.765693 
625 20000242411 8192049654 16639363 19401190 2.441421 
****************** 
519 8692351291 11659844451 172156925 246238011 0.745495 
521 9077341999 11609494422 60413757 68368230 0.781890 
638 20000351116 10875034103 5941052 58946636 1.839107 
****************** 
519 7957091523 10679664900 156096849 221788448 0.745069 
521 8351715026 10627178475 54853573 61020931 0.785883 
calculix 20000722100 10581026222 16151380 91534267 1.890244 
****************** 
519 18828980835 27817797554 412264991 529054696 0.676868 
521 20000244858 27715374146 135149836 149783220 0.721630 
mcf 7005129244 27950276391 372120151 887557390 0.250628 
****************** 
519 19073344857 25966227632 359426324 531765255 0.734544 
521 20000266940 25855984655 133615609 148038464 0.773526 
sphinx3 13535876734 25968447962 146296635 154740878 0.521243 
****************** 
519 18169807433 31029503046 520997742 560208211 0.585566 
521 20000274749 30889474156 138211913 152136507 0.647479 
lbm 16711259072 30787585686 401853743 528088358 0.542792 
****************** 
519 18998969043 27676104915 371033202 529527254 0.686476 
521 20000185903 27578435884 135293850 150419476 0.725211 
libquantum 15167003711 27698077074 469514101 469925197 0.547583 
****************** 
519 20000037776 26988303439 392617298 555447587 0.741063 
557 14688474097 27085569161 99077100 148728140 0.542299 
602 4459759694 27064767935 118018842 119516615 0.164781 
****************** 
519 20000094707 28451893545 481362711 557957787 0.702944 
557 14847367166 28498549881 102083723 149578120 0.520987 
620 12881264314 28489415086 148086117 285374754 0.452142 
****************** 
519 20000044108 27349171994 415285287 556656624 0.731285 
557 15079176523 27414527179 98229153 150831501 0.550043 
623 5395686926 27395534247 174395671 180003933 0.196955 
****************** 
519 6001568232 7981082914 111805756 167452286 0.751974 
557 4088190127 7990536223 31598110 39269797 0.511629 
625 20000894992 7924916786 14903871 18669003 2.523799 
****************** 
519 8463172537 11300045312 166655016 238099714 0.748950 
557 5812883457 11323534544 44403223 56156025 0.513345 
638 20000406641 10532960554 4379647 58788579 1.898840 
****************** 
519 7927073711 10577868938 152959816 221027750 0.749402 
557 5367124382 10584924845 41999366 51319036 0.507054 
calculix 20000395698 10480977353 15628647 91624910 1.908257 
****************** 
519 20000039489 29048416726 427095354 559326111 0.688507 
557 13553404229 29128236512 109557173 133092032 0.465301 
mcf 7516713366 29147684278 381536843 897968921 0.257884 
****************** 
519 20000029273 27435307893 405186991 557532884 0.728989 
557 14737320588 27498680348 100361847 146983331 0.535928 
sphinx3 14171959698 27390365018 154052021 163480652 0.517407 
****************** 
519 20000034454 32845574085 571160902 617290824 0.608911 
557 13543845093 32918359318 115751839 133371098 0.411437 
lbm 18334813169 32608532378 419359491 576672593 0.562270 
****************** 
519 20000055227 28421388591 381630033 563291940 0.703697 
557 13370179634 28483913849 108465934 129551112 0.469394 
libquantum 15983794105 28442893920 494788129 495173468 0.561961 
****************** 
519 20000014574 27700749356 444814468 560311302 0.722003 
602 4479114853 27776088508 118469199 120283006 0.161258 
620 12795025802 27789187212 148170363 284330340 0.460432 
****************** 
519 20000024521 26458915687 353964536 556649617 0.755890 
602 4516853362 26518614410 119942735 121260083 0.170328 
623 5480604477 26492293586 177553290 182721903 0.206875 
****************** 
519 6265360282 8213431953 113617525 174346738 0.762819 
602 1444995618 8215220610 37778436 38231249 0.175892 
625 20000845667 8131079043 16708755 19469195 2.459802 
****************** 
519 9108858882 11951980382 169702937 253467877 0.762121 
602 2074123846 12000542118 54332499 55278217 0.172836 
638 20000816321 11169308941 7666560 55503066 1.790694 
****************** 
519 7814029556 10304512277 151194845 217246906 0.758311 
602 1789070537 10320874184 46977396 47661123 0.173345 
calculix 20000816196 10224005547 14080684 91110396 1.956260 
****************** 
519 20000034706 28428198201 416549414 557167667 0.703528 
602 4374351914 28503205381 116628565 117790674 0.153469 
mcf 7538606874 28511942407 380421685 897973865 0.264402 
****************** 
519 20000123446 26812884930 382122926 558027820 0.745915 
602 4568135985 26870278235 120140324 122299173 0.170007 
sphinx3 14371081504 26788373697 153306989 165431871 0.536467 
****************** 
519 20000039548 31773159385 579337106 618728844 0.629463 
602 4325064248 31893569394 115500869 116816424 0.135609 
lbm 18467368160 31491586816 407287846 576445885 0.586422 
****************** 
519 20000007888 27948275361 394060534 564085551 0.715608 
602 4414927541 28036794586 117105080 118857333 0.157469 
libquantum 16585148030 27967452783 518072956 518575286 0.593016 
****************** 
519 20000032324 27862843538 433604176 559733815 0.717803 
620 12203629596 27935273027 158994099 273910900 0.436854 
623 5398803391 27928701508 174567727 180036821 0.193307 
****************** 
519 5919511613 8122093275 128134122 166448465 0.728816 
620 3568855995 8134431966 46418939 80681294 0.438735 
625 20000974028 8060543932 15220171 18761658 2.481343 
****************** 
519 8198357496 11309598181 190839053 230570953 0.724903 
620 5247256398 11352662504 61107023 117055398 0.462205 
638 20000560399 10531336728 4126141 59179635 1.899147 
****************** 
519 7734710189 10698786821 179972866 215934888 0.722952 
620 4932442192 10711088661 57534886 110556424 0.460499 
calculix 20000821434 10600350239 15549485 91187989 1.886808 
****************** 
519 20000044985 30388542250 504799297 567662010 0.658144 
620 12764529231 30455974545 152790670 283804103 0.419114 
mcf 7342116184 30488076241 387622261 894098011 0.240819 
****************** 
519 20000036674 28177300186 457757460 558155171 0.709793 
620 12791090104 28229971167 150969544 284449531 0.453103 
sphinx3 14129449169 28163641508 153585791 163762473 0.501691 
****************** 
519 20000061826 36057228661 563260387 587010313 0.554676 
620 12408191780 36097643138 157772280 277824085 0.343740 
lbm 18171131051 35782951457 539509416 577983592 0.507815 
****************** 
519 20000049430 29669749853 433344652 559826205 0.674089 
620 11631594779 29737860925 162619542 263744907 0.391138 
libquantum 15748403636 29672366192 485811857 486243311 0.530743 
****************** 
519 6323207731 8378779036 117751578 176307914 0.754669 
623 1729696775 8385089426 55653651 57642211 0.206282 
625 20000275134 8322329183 17902119 19970247 2.403206 
****************** 
519 8414872716 11191861064 166721724 235026663 0.751874 
623 2312762849 11196951486 74060810 77116941 0.206553 
638 20000350301 10461369443 4088873 58904154 1.911829 
****************** 
519 7905762671 10525255807 154794436 220284312 0.751123 
623 2159544555 10511676898 69621617 71979653 0.205442 
calculix 20000613787 10444166207 15791321 91415089 1.915003 
****************** 
519 20000085188 29069995966 438170805 559955781 0.687998 
623 5312324201 29098152009 172755506 177403685 0.182566 
mcf 7551714374 29137548423 380197750 897340876 0.259175 
****************** 
519 20000026351 26996925614 382218328 558115099 0.740826 
623 5463874553 27059913104 176127100 182141170 0.201918 
sphinx3 14324141990 26970004341 153746808 165377511 0.531114 
****************** 
519 19999986884 33547771027 579264428 612023699 0.596164 
623 5205928357 33631419984 170025539 173912357 0.154794 
lbm 18459284249 33311588142 436873545 576198284 0.554140 
****************** 
519 19999996361 28677461817 385744065 559284709 0.697412 
623 5321625257 28738078479 172206738 177346395 0.185177 
libquantum 16031768509 28682318597 496701034 497165523 0.558943 
****************** 
519 5938426569 7801059052 118196818 165119520 0.761233 
625 20000287585 7715532465 13488295 18112081 2.592211 
638 14091867117 7288596708 2554256 41455312 1.933413 
****************** 
519 6252290482 8189452198 119163327 174032350 0.763456 
625 20000220578 8104839312 16454269 19210516 2.467689 
calculix 14929121714 8098404132 10577338 46663971 1.843465 
****************** 
519 5508498148 8002173575 120192760 154005482 0.688375 
625 20000723715 7902799955 13378862 18230473 2.530840 
mcf 1651091243 8034991072 127948590 251899778 0.205488 
****************** 
519 6052777240 8055846888 116044430 168896444 0.751352 
625 20000197797 7970284848 15241189 18861905 2.509345 
sphinx3 5677918318 7951735503 41376232 44895534 0.714048 
****************** 
519 5200398001 8433480185 143433532 158222069 0.616637 
625 20001152710 8343642338 14649680 18885687 2.397173 
lbm 4596192851 8104211934 108031723 139862494 0.567136 
****************** 
519 5951016988 8429820692 115538668 165888232 0.705948 
625 20000291129 8296066710 16285996 19885789 2.410816 
libquantum 5423684153 8339630825 134862517 135239145 0.650351 
****************** 
519 7990012200 10521565200 163608163 223157448 0.759394 
638 18965315833 9815901897 3630896 55978323 1.932101 
calculix 20000935350 10446751805 15586436 91258731 1.914560 
****************** 
519 8697437282 12589174840 192193594 244107224 0.690866 
638 20000385728 11788522853 9657728 58787321 1.696598 
mcf 2673459389 12639160737 203341599 401716469 0.211522 
****************** 
519 8224355729 11040233513 173299773 229251755 0.744944 
638 20000408898 10254959739 3253874 58906199 1.950316 
sphinx3 7084861070 10969398174 58467862 64491416 0.645875 
****************** 
519 7733187856 12474004678 214028081 234075978 0.619944 
638 20000487243 11654556104 7827267 58779376 1.716109 
lbm 6977298683 12175547758 170084807 217382610 0.573058 
****************** 
519 7981109259 11209459696 162580516 225934844 0.711998 
638 20000329955 10441317261 3815031 58995799 1.915499 
libquantum 6926956996 11183238268 191779951 192213081 0.619405 
****************** 
519 7621052353 11062358451 168546503 213838717 0.688918 
calculix 20000649171 10992309730 16970028 91988143 1.819513 
mcf 2296072647 11143322909 177338643 351039582 0.206049 
****************** 
519 7950906062 10613777618 156529385 221996683 0.749112 
calculix 20000877676 10486925927 15907965 91574216 1.907220 
sphinx3 6840801940 10495647215 56629965 60919435 0.651775 
****************** 
519 7140591994 11704879372 192183972 215152407 0.610053 
calculix 20002179922 11574676828 16984743 92023904 1.728098 
lbm 6310785873 11344210112 164937911 196856077 0.556300 
****************** 
519 7567894334 10716237622 152853297 211425899 0.706208 
calculix 20000834668 10599115237 15248694 91400229 1.887029 
libquantum 6548288756 10642327897 178301111 178696077 0.615306 
****************** 
519 20000040272 29056689664 430932332 562703523 0.688311 
mcf 7622900465 29155046602 380661855 897755535 0.261461 
sphinx3 13934423415 29037592975 154588564 161678518 0.479875 
****************** 
519 20000019916 36861488796 547167791 569385747 0.542572 
lbm 18096110342 36601270052 556369205 574690608 0.494412 
mcf 5866257941 37008532931 393983109 789968847 0.158511 
****************** 
519 20000060151 31160954532 440921790 562538125 0.641831 
libquantum 15924747722 31208817182 492583857 493033920 0.510264 
mcf 7162701789 31306574580 385576220 888326333 0.228792 
****************** 
519 20000035516 33825101691 524523175 578771534 0.591278 
lbm 17941914613 33532072281 523639373 584538608 0.535067 
sphinx3 13630145283 33775088000 148110742 158083418 0.403556 
****************** 
519 20000306153 28575043984 381432708 557888612 0.699922 
libquantum 16019448409 28533354279 496123913 496554769 0.561429 
sphinx3 13810551852 28474716967 153001458 159165472 0.485011 
****************** 
519 20000026678 37978257353 603454038 633592298 0.526618 
lbm 18904359098 37627060631 445599830 593060055 0.502414 
libquantum 15657983664 37992848700 482228330 482604332 0.412130 
****************** 
520 12203481911 22516327897 118980381 265422840 0.541984 
521 20000190330 22447864783 98391800 138761997 0.890962 
557 13630078929 22616649594 77429246 135477030 0.602657 
****************** 
520 12232330570 21913168006 111965788 265794686 0.558218 
521 20000219948 21797770946 90925239 138699690 0.917535 
602 4073955073 21991301217 105911723 107695518 0.185253 
****************** 
520 12058358352 22890380851 122149784 263529928 0.526787 
521 20000203982 22789167836 102798199 138801842 0.877619 
620 12004221056 22954317696 121753590 261292996 0.522961 
****************** 
520 11684696066 23315514785 141116567 259962882 0.501155 
521 20000340891 23205060382 110393168 144300379 0.861896 
623 7182288901 23369787381 137269007 238650118 0.307332 
****************** 
520 4063130683 7400004247 38483530 88580439 0.549071 
521 6671403047 7361205044 31753878 47104304 0.906292 
625 20000708921 7389656113 11508029 17724702 2.706582 
****************** 
520 5869666411 10687729649 55677009 127915120 0.549197 
521 9701663132 10629017862 45101425 66253343 0.912753 
638 20000303418 9982735541 2091201 59403854 2.003489 
****************** 
520 5293848253 9665523324 50290839 115602808 0.547704 
521 8745879509 9620971248 42483183 62206514 0.909043 
calculix 20000787044 9578104357 11649913 90820248 2.088178 
****************** 
520 12340611931 23634480602 120632894 269106856 0.522144 
521 20000213883 23547065173 102764489 139733880 0.849372 
mcf 6695858146 23717442990 348046019 878837146 0.282318 
****************** 
520 12066210560 22598639536 120997044 263594372 0.533935 
521 20000210782 22561440747 100594452 138821225 0.886478 
sphinx3 13559264641 22597788665 130299010 155379154 0.600026 
****************** 
520 10336968361 26237901265 164608441 239012391 0.393971 
521 20000292229 26144438580 134064371 148615613 0.764992 
lbm 17014421401 25979988938 350509754 524657397 0.654905 
****************** 
520 12118552835 23040755215 114142302 263359799 0.525962 
521 20000539125 22923132266 94248915 138651403 0.872505 
libquantum 14949894942 23047946242 465027024 465923745 0.648643 
****************** 
520 18597411951 32635847524 164346111 400470016 0.569846 
557 20000106437 32718971294 113255002 193218886 0.611269 
602 6103942637 32723021105 159752979 162390302 0.186534 
****************** 
520 17576560816 33117821606 177094074 383967597 0.530728 
557 20000199478 33232331754 118015906 197734501 0.601830 
620 17414133071 33213458211 175750500 378985498 0.524310 
****************** 
520 16987500127 32774526467 191824219 374677607 0.518314 
557 20000199031 32903235889 114423115 192698932 0.607849 
623 10172414054 32881379931 196192132 338342001 0.309367 
****************** 
520 4105977952 7420958811 38634649 89310520 0.553295 
557 4618298914 7402322586 24799570 44753441 0.623899 
625 20000768200 7363305638 11393293 17753740 2.716276 
****************** 
520 5926538970 10668537397 55758232 128898742 0.555516 
557 6633362990 10696174451 35870152 64708676 0.620162 
638 20000701464 9953442142 2015297 59020298 2.009426 
****************** 
520 5362966056 9649436619 50347074 116730380 0.555780 
557 6024038583 9690993706 32502633 58850412 0.621612 
calculix 20000807833 9579059295 11097625 90517682 2.087972 
****************** 
520 17992290236 34339939505 186261918 393801611 0.523946 
557 20000084131 34407711389 122624307 191641284 0.581267 
mcf 11980768151 34420826640 398913348 985816059 0.348067 
****************** 
520 17671562012 32683777915 174961706 384801406 0.540683 
557 20000087089 32797267369 115146788 195777945 0.609810 
sphinx3 18841320649 32698585817 195147222 229396533 0.576212 
****************** 
520 12503717253 30397668514 190337323 285708711 0.411338 
557 15072339442 30532721411 120967665 145794935 0.493645 
lbm 20000146944 30183740835 398830319 617137028 0.662613 
****************** 
520 16702366317 31179178467 156977922 361294876 0.535690 
557 18991141868 31333977834 101745422 187384757 0.606088 
libquantum 20000281867 31242969928 633929700 634400928 0.640153 
****************** 
520 20000005498 36935467504 196621697 436921347 0.541485 
602 6979114514 37078314070 182289500 185542504 0.188226 
620 19585275137 37042957735 193211284 426772436 0.528718 
****************** 
520 20000005657 38628044690 223444535 441048523 0.517759 
602 7261693464 38773306575 189890235 193140471 0.187286 
623 12088724125 38741829501 232072641 402160640 0.312033 
****************** 
520 4261428831 7397233940 36958628 92195889 0.576084 
602 1403443744 7400071931 36284775 36855975 0.189653 
625 20000758512 7326176673 11092368 17730946 2.730040 
****************** 
520 6108813790 10664345030 53059997 132088023 0.572826 
602 2021606583 10684117325 52536355 53587523 0.189216 
638 20000268219 9941607081 1996465 59119374 2.011774 
****************** 
520 5526684459 9701740583 47540023 119867347 0.569659 
602 1819650808 9703878835 47491162 48330737 0.187518 
calculix 20001453472 9616444562 11188494 90950933 2.079922 
****************** 
520 20000036857 39234243373 212070922 440299850 0.509760 
602 7151118656 39398480528 184476536 189668793 0.181507 
mcf 12896290803 39392193225 447145621 1004135065 0.327382 
****************** 
520 14751314567 28197689077 165298897 323903420 0.523139 
602 5325329841 28245584285 138693417 141549042 0.188537 
sphinx3 20000205682 28169634191 125003999 243461402 0.709992 
****************** 
520 12112593356 29817997369 195580791 278907798 0.406218 
602 5063842251 29982467109 134283668 135586175 0.168893 
lbm 20000151052 29607764438 364667506 617049232 0.675504 
****************** 
520 14915723728 29754215185 167818084 329567458 0.501298 
602 5214333405 29834183990 137331594 139540502 0.174777 
libquantum 20000185704 29782549711 600631094 634369111 0.671540 
****************** 
520 19966159836 37285301670 197838596 436451490 0.535497 
620 20000053313 37377195626 197969124 434402860 0.535087 
623 8478363048 37381494205 263059187 282214336 0.226806 
****************** 
520 4053767382 7493783566 39909355 88707142 0.540951 
620 4019438418 7478419496 39608992 87575492 0.537472 
625 20000331197 7435406221 11848851 17809315 2.689877 
****************** 
520 5792944702 10701705914 57148860 126851936 0.541310 
620 5797299444 10733272994 57164021 126659431 0.540124 
638 20000389974 9963482513 1977031 59446503 2.007369 
****************** 
520 5321248182 9836622103 52682970 116512468 0.540963 
620 5324863063 9865250231 52429313 116656870 0.539760 
calculix 20001021008 9732520418 12027560 90604719 2.055071 
****************** 
520 20000020244 38876160894 205357271 438381389 0.514455 
620 19778911796 38971883891 203257221 436688107 0.507517 
mcf 12232146653 39050101592 452506940 987830171 0.313242 
****************** 
520 18734058527 35607463706 193115006 410337771 0.526127 
620 18762107336 35730373360 193905280 414295556 0.525102 
sphinx3 20000349151 35671216816 213203508 245743721 0.560686 
****************** 
520 14410191086 32436525332 167019374 320217715 0.444258 
620 14443473035 32513732529 167362783 320025310 0.444227 
lbm 20000235394 32175291840 566400120 617877885 0.621602 
****************** 
520 16381927053 31637951166 161904356 356477972 0.517794 
620 16362851451 31731523253 161351998 355437735 0.515665 
libquantum 20000196942 31700714861 634080107 634482448 0.630907 
****************** 
520 4017078367 7444975816 39639360 88035915 0.539569 
623 1958400603 7455589636 50827122 64981281 0.262675 
625 20000316465 7389887254 11619922 17798337 2.706444 
****************** 
520 6817843058 13419961685 81285062 151794345 0.508037 
623 4996255911 13458335652 72098496 165855534 0.371239 
638 20000194531 12700146945 15737094 56754507 1.574800 
****************** 
520 5282205599 9824929857 53085854 115684937 0.537633 
623 2631410607 9833696548 66653878 87392081 0.267591 
calculix 20001443626 9754445958 12284398 90656048 2.050495 
****************** 
520 19999983033 40302312053 236395984 445796257 0.496249 
623 10378606893 40431315321 254941677 345359022 0.256697 
mcf 14674792709 40487618355 434637998 1039237842 0.362451 
****************** 
520 15943666895 31667467069 193470700 356497842 0.503471 
623 9548485905 31756043621 194843392 317589745 0.300682 
sphinx3 20000133604 31685823911 162943212 242250580 0.631201 
****************** 
520 14404540484 31700192197 164863110 319538887 0.454399 
623 6130273313 31775281193 193388983 203815296 0.192926 
lbm 20000144637 31475105241 546668404 617440556 0.635427 
****************** 
520 15168377009 30749860540 173080227 335919571 0.493283 
623 8296807864 30822142248 184663368 275702554 0.269183 
libquantum 20000215467 30796654847 625645159 634395080 0.649428 
****************** 
520 4163982620 7407295879 37610639 90527445 0.562146 
625 20000736610 7337882125 11285421 17691181 2.725682 
638 13971402992 6935755793 1377107 41495090 2.014402 
****************** 
520 4163242615 7429412248 37065821 91109350 0.560373 
625 20000258625 7330511675 11206512 17736490 2.728358 
calculix 14642779165 7319497853 6426913 42606220 2.000517 
****************** 
520 4079142196 7486346036 38001241 88950156 0.544878 
625 20000292231 7410383800 11503417 17761836 2.698955 
mcf 1777489205 7536839508 125539975 274850151 0.235840 
****************** 
520 4129509085 7405032161 37954591 90240654 0.557663 
625 20000230642 7349474397 11382823 17724117 2.721314 
sphinx3 5786035404 7312884118 38184000 46116059 0.791211 
****************** 
520 3686114817 7768917531 40872046 82172430 0.474470 
625 20000404723 7709861584 12578575 17851471 2.594133 
lbm 4898444032 7439503253 119825442 146591968 0.658437 
****************** 
520 4075263800 7474262101 36547924 88573165 0.545240 
625 20000241261 7409269006 11243764 17699133 2.699354 
libquantum 5480493823 7404322617 136779614 137381097 0.740175 
****************** 
520 5431931878 9572902083 48232576 117604620 0.567428 
638 17243105782 8991839071 3956217 50521672 1.917640 
calculix 20000735868 9490409434 10576886 90244285 2.107468 
****************** 
520 5812804241 10657670212 54328364 126174938 0.545410 
638 20000673677 9932256831 2036711 58753944 2.013709 
mcf 2552643308 10700685183 179439559 389111302 0.238550 
****************** 
520 5989867587 11008496975 59513661 131080435 0.544113 
638 20000291824 10316391413 4159817 57188996 1.938691 
sphinx3 8169812801 10962621043 54846484 79208757 0.745243 
****************** 
520 5108529895 10819445840 57340719 113530446 0.472162 
638 20001162946 10048252175 2178983 58926902 1.990512 
lbm 6954186390 10522815729 172935836 214764402 0.660867 
****************** 
520 5787774778 10618230158 52463790 125378604 0.545079 
638 20000348218 9918459452 2067578 55602686 2.016477 
libquantum 7446017158 10597442311 210549928 211110488 0.702624 
****************** 
520 5329940870 9755770151 49786875 115971697 0.546337 
calculix 20000656075 9668576703 11081139 90553830 2.068625 
mcf 2314468492 9788883796 163596969 356665350 0.236438 
****************** 
520 5351226819 9680869902 50954589 116746562 0.552763 
calculix 20000625532 9533399189 11031215 90520389 2.097953 
sphinx3 7059329051 9543601440 50483808 64040905 0.739692 
****************** 
520 4722099687 10760655257 62820711 107023343 0.438830 
calculix 20000732503 10636414504 16112673 91300524 1.880402 
lbm 6911051080 10434709721 160789942 208737847 0.662314 
****************** 
520 5281316702 9701106261 47426771 114495150 0.544404 
calculix 20000662678 9613278631 10663583 90557282 2.080525 
libquantum 6810312899 9661545509 187436378 188430176 0.704889 
****************** 
520 18165504811 36115452957 198820850 400329975 0.502984 
mcf 12299810939 36249270532 422682447 993705819 0.339312 
sphinx3 20000373839 36162160967 203460253 244681891 0.553075 
****************** 
520 12448289622 32531042189 190416360 286239992 0.382659 
lbm 20000119172 32267034604 476640020 624676346 0.619831 
mcf 8416050784 32641511191 403556489 914522933 0.257833 
****************** 
520 16714037575 32563883441 158619351 365722219 0.513269 
libquantum 20000398145 32613759200 634015717 634506205 0.613250 
mcf 9617463890 32722798535 393809198 936889347 0.293907 
****************** 
520 14671937305 31532639371 163866695 324708498 0.465294 
lbm 20000131449 31263421210 519224411 620431144 0.639729 
sphinx3 15583986325 31524524054 172971704 184775322 0.494345 
****************** 
520 16761365192 31239525444 155101845 362672205 0.536544 
libquantum 20000157703 31254901744 632526633 634577424 0.639905 
sphinx3 17327285581 31244054654 172269418 205195232 0.554579 
****************** 
520 12438875252 32429551906 186252852 284466799 0.383566 
lbm 20000126470 32121272721 450505415 618426256 0.622644 
libquantum 17267818577 32431695411 543254589 543829042 0.532437 
****************** 
521 20000174295 21316293261 87149364 140036632 0.938258 
557 13531411310 21519637251 68821659 133494150 0.628794 
602 4121038699 21526349476 102806707 108948333 0.191442 
****************** 
521 20000185122 22381072274 99590690 140609554 0.893621 
557 13670486273 22614560731 77789300 136001105 0.604499 
620 11897485335 22608115182 115546287 256570654 0.526248 
****************** 
521 20000361313 22868158668 107637667 144896572 0.874594 
557 13818485037 23106503046 80676448 132657348 0.598034 
623 8186625798 23093144128 124771579 271946027 0.354505 
****************** 
521 7132896481 7418021369 28266561 48361923 0.961563 
557 4607051746 7481206263 24808379 44386601 0.615817 
625 20000278116 7413149050 11737929 17916407 2.697946 
****************** 
521 10112007633 10677651131 41743123 66823258 0.947025 
557 6822860623 10779533486 34122078 66631621 0.632946 
638 20000280223 10043413813 2482019 59002306 1.991383 
****************** 
521 9021721743 9565746034 38991823 65113354 0.943128 
557 5975284920 9649628366 31681776 58289203 0.619224 
calculix 20001127557 9524588651 10569934 90771403 2.099947 
****************** 
521 20000288189 22777339338 95813187 141728947 0.878078 
557 13809099215 22980537816 75305870 136419811 0.600904 
mcf 6632826675 22995050559 335106145 880116507 0.288446 
****************** 
521 20000102148 22379727201 100831504 143676232 0.893671 
557 13718390152 22581086742 76777082 133141024 0.607517 
sphinx3 16652749675 22510732136 98553892 197339893 0.739769 
****************** 
521 20000321790 25530599656 133819742 149066749 0.783386 
557 12900436119 25779573702 102689918 124588723 0.500413 
lbm 17156927166 25430788801 309642235 528363388 0.674652 
****************** 
521 20000146780 21869013522 84445447 139840258 0.914543 
557 13035159132 22117828077 72880511 126705528 0.589351 
libquantum 14524050886 22056324220 439001196 451949486 0.658498 
****************** 
521 20000261847 21892257856 93441753 140389051 0.913577 
602 4117985296 22116384892 107190321 109120164 0.186196 
620 12221683371 22103094218 111444645 263116716 0.552940 
****************** 
521 20000327784 22783090202 107208146 144830054 0.877858 
602 4299495251 23014362701 111897287 114456323 0.186818 
623 8474972430 22993760952 121280475 281543954 0.368577 
****************** 
521 7434377222 7807455493 29545150 49126190 0.952215 
602 1494772351 7861648178 37355761 39318678 0.190135 
625 20000245126 7821276136 15040331 18749807 2.557159 
****************** 
521 11293538222 11509093759 42783569 79226251 0.981271 
602 2188895644 11624906380 55935715 57954755 0.188294 
638 20000312483 10882989002 6564505 58692812 1.837759 
****************** 
521 9162288629 9603078706 37798264 66051325 0.954099 
602 1819181295 9712378260 46428413 48249225 0.187305 
calculix 20000819123 9625705329 10891498 90912458 2.077855 
****************** 
521 20000154863 21829665953 86698419 141310381 0.916192 
602 4015820603 22070791800 102813653 106095892 0.181952 
mcf 6386208968 22058084759 327622905 852309570 0.289518 
****************** 
521 20000148490 21676496414 91122727 142971118 0.922665 
602 4099000454 21895475067 105763279 108435874 0.187208 
sphinx3 16702219277 21821624302 94737420 198170508 0.765398 
****************** 
521 20000156320 24934411589 130378838 148673690 0.802111 
602 4307553784 25191540487 113989677 115205612 0.170992 
lbm 16979132855 24861492942 302288669 522738519 0.682949 
****************** 
521 20000183043 22138253102 91211061 143634155 0.903422 
602 3976433677 22352274544 102844742 104906340 0.177898 
libquantum 15453409574 22298798999 443177303 474285312 0.693015 
****************** 
521 20000099863 22619376721 102685249 141683614 0.884202 
620 12040592566 22848879214 123687554 262437470 0.526966 
623 5700238470 22858446084 153810758 189309995 0.249371 
****************** 
521 6703683158 7391863474 32329051 47804241 0.906900 
620 4092191792 7470519574 38753125 89072536 0.547779 
625 20000775921 7397685472 11486246 17726347 2.703653 
****************** 
521 10447512826 11267011222 46809745 70221017 0.927266 
620 6271310733 11390403736 58956472 136460661 0.550578 
638 20000221360 10625704226 5287199 58917059 1.882249 
****************** 
521 8800903639 9665773261 43161048 63545827 0.910522 
620 5355067008 9804427838 50856767 116525029 0.546189 
calculix 20000700781 9654856906 11643637 90644736 2.071569 
****************** 
521 20000182716 23805735097 107176029 140024428 0.840141 
620 12093342928 24036971205 125430894 264298771 0.503114 
mcf 6779510586 24043487845 347063511 885789707 0.281969 
****************** 
521 20000145047 22587597301 102610923 143713216 0.885448 
620 11785266097 22837339644 131008961 259200367 0.516052 
sphinx3 14860514773 22720306619 115444665 172200465 0.654063 
****************** 
521 20000609379 26232603823 133085812 149112332 0.762433 
620 11209949436 26488028248 150189498 253055535 0.423208 
lbm 16883409190 26142174636 390879104 520396451 0.645830 
****************** 
521 20000183574 23094133867 98947435 141166089 0.866029 
620 12347048821 23323692903 115273322 266711027 0.529378 
libquantum 15098866988 23252483583 468774108 469624953 0.649344 
****************** 
521 6764112506 7373097414 31934397 48429028 0.917404 
623 2284480032 7433786135 46134480 75881917 0.307310 
625 20000299672 7370873047 11361008 17749229 2.713423 
****************** 
521 10587527794 11684525581 52057535 73508705 0.906115 
623 4047790576 11788616273 67477345 134404976 0.343364 
638 20000286255 11056044100 7447065 58546215 1.808991 
****************** 
521 8820786242 9695790542 43385701 63697444 0.909754 
623 2986004025 9781015117 61530147 99105891 0.305286 
calculix 20000858995 9686415374 11834113 90545688 2.064836 
****************** 
521 20000247722 23536821044 107243995 140190909 0.849743 
623 5775530498 23778613462 152932543 191779686 0.242888 
mcf 6808683232 23791739268 345226872 886708018 0.286178 
****************** 
521 20000151713 22901602686 109035722 145222205 0.873308 
623 7550482244 23175813087 135675873 250696879 0.325791 
sphinx3 14790062897 23101616532 119358034 170427599 0.640218 
****************** 
521 20000200687 25612305057 134905879 149732824 0.780882 
623 5333934137 25842343911 168292997 178029013 0.206403 
lbm 17176160408 25524610266 329237172 528995823 0.672925 
****************** 
521 20000184620 22993636299 99833154 142268359 0.869814 
623 6747994243 23260714475 137097414 224041007 0.290103 
libquantum 15538956040 23184473781 475868984 477739244 0.670231 
****************** 
521 7023583078 7307075173 28115191 48128311 0.961203 
625 20000509742 7320017895 11025636 17687784 2.732303 
638 13739608339 6896459250 1743465 40467183 1.992270 
****************** 
521 7078952060 7272482279 27238947 48183183 0.973389 
625 20000243170 7301240329 10870071 17685677 2.739294 
calculix 14623969617 7258981531 5972495 42434380 2.014604 
****************** 
521 6627667800 7477573113 32492745 47282592 0.886339 
625 20000195920 7438670037 11576126 17743214 2.688679 
mcf 1801112785 7546557801 124714133 279275223 0.238667 
****************** 
521 7120169159 7783084545 33185820 49394638 0.914826 
625 20000303905 7845204006 15311211 18671461 2.549367 
sphinx3 7082797912 7788050016 29530513 64126263 0.909444 
****************** 
521 6317342635 7909730273 41098427 48836751 0.798680 
625 20000291619 7909980239 14716986 18754987 2.528488 
lbm 5184475947 7633512504 102076623 155870419 0.679173 
****************** 
521 6799805144 7396367553 28736331 48208811 0.919344 
625 20000262279 7431603444 11372376 17761747 2.691245 
libquantum 5539493582 7408814735 136067386 139812347 0.747690 
****************** 
521 8996806839 9479747370 38401535 65072938 0.949056 
638 17995195685 8952474815 2031854 53229148 2.010081 
calculix 20000969735 9471247457 10269227 90176562 2.111757 
****************** 
521 9801108169 10905398876 44969324 67623694 0.898739 
638 20000219508 10274789599 3677548 59556121 1.946533 
mcf 2725010780 11033313848 185491327 407914478 0.246980 
****************** 
521 10562642615 11309960712 47255567 72855929 0.933924 
638 20000280952 10734168934 6014787 58527418 1.863235 
sphinx3 9355724534 11347439464 48585679 95642233 0.824479 
****************** 
521 8975650450 11308751953 58904093 67728516 0.793691 
638 20000890334 10618709963 5023559 59296273 1.883552 
lbm 7547247232 11075251758 152401307 231338366 0.681452 
****************** 
521 10520617122 11188529986 41871817 71079810 0.940304 
638 20000216460 10545706025 4902778 58929109 1.896527 
libquantum 8157716791 11246136032 223150244 231818506 0.725380 
****************** 
521 8738083979 9656137367 41377795 63248033 0.904925 
calculix 20000798853 9644289882 10845660 90975494 2.073849 
mcf 2335555835 9764409800 160634557 362331283 0.239191 
****************** 
521 8872345535 9580006013 41221835 64823927 0.926132 
calculix 20001376477 9539841885 10815283 90766876 2.096615 
sphinx3 7682323485 9563593297 44853956 72701415 0.803288 
****************** 
521 8355258619 10318460093 51436043 61385038 0.809739 
calculix 20000799758 10259973694 14246241 91047049 1.949401 
lbm 6761736755 10036087444 144051975 205140883 0.673742 
****************** 
521 8847489179 9843730020 40529648 64835809 0.898794 
calculix 20000655425 9799441936 11628191 91176488 2.040999 
libquantum 7098082796 9848908844 190613581 198517441 0.720697 
****************** 
521 20000157595 22691530278 95401600 142379103 0.881393 
mcf 6693167670 22938654826 335490548 881520279 0.291786 
sphinx3 14009488880 22823320096 116037290 159707097 0.613823 
****************** 
521 20000158997 27412209886 136729544 151726936 0.729608 
lbm 17101454413 27337041569 384631490 530509064 0.625578 
mcf 7066159893 27711268072 373156277 884748960 0.254992 
****************** 
521 20000147455 22862368837 86785809 139786889 0.874806 
libquantum 14284469780 23007151667 434392643 443866122 0.620871 
mcf 6136781618 23098327268 331919834 820487422 0.265681 
****************** 
521 20000147405 25295949466 123722435 145793840 0.790646 
lbm 16650792462 25161079384 359980953 513619839 0.661768 
sphinx3 13244620253 25404820850 141995763 150603426 0.521343 
****************** 
521 20000174314 23564873789 107416245 147244023 0.848728 
libquantum 15945555503 23684478960 473086768 493500749 0.673249 
sphinx3 15370155609 23656434363 110169690 177889703 0.649724 
****************** 
521 20000182410 27245289774 134217811 150843511 0.734079 
lbm 17156614357 27139583306 361450734 529365579 0.632162 
libquantum 15396887663 27460638193 471801672 472382049 0.560689 
****************** 
557 20000042070 31964516498 107648911 196231830 0.625695 
602 6157264807 32065621868 159159674 163315349 0.192021 
620 17408639888 32053509534 165885427 379616499 0.543112 
****************** 
557 20000021179 32536243726 111078122 191333325 0.614700 
602 6178626619 32618292106 159735884 164004230 0.189422 
623 12742380474 32591431527 165512585 423794836 0.390973 
****************** 
557 4960404256 7753698692 23555658 47426566 0.639747 
602 1555468003 7773966005 37616041 40870316 0.200087 
625 20000818476 7704267175 14081482 18410065 2.596070 
****************** 
557 7577676969 11849653410 36166708 72492614 0.639485 
602 2376490937 11903014098 56536449 62561303 0.199655 
638 20000124285 11191789186 8152341 58657887 1.787035 
****************** 
557 6282575858 9453147721 27352091 60802388 0.664601 
602 1820569543 9474280347 46600608 48269721 0.192159 
calculix 20000782300 9373995164 9254266 90496768 2.133645 
****************** 
557 20000134810 31051234302 94085768 194126140 0.644101 
602 5628746635 31083269756 146111555 149753541 0.181086 
mcf 10995239000 31125160147 376947752 967631035 0.353259 
****************** 
557 14485486693 23793895419 81755186 140480212 0.608790 
602 4568450071 23877424069 118175071 121605143 0.191329 
sphinx3 20000787817 23801864782 90095950 244600738 0.840303 
****************** 
557 15158710633 29579533724 118876844 147665561 0.512473 
602 5143361234 29680375509 135532688 137382043 0.173292 
lbm 20000134288 29340992458 343536121 616770192 0.681645 
****************** 
557 17866859744 29242814973 94568659 170439559 0.610983 
602 5313605902 29341015127 138080239 141511578 0.181098 
libquantum 20000206896 29274322126 588744498 634346565 0.683200 
****************** 
557 20000016795 32900408354 114637564 191604877 0.607896 
620 16783858323 33011791715 194701541 369214844 0.508420 
623 10565858475 33037246246 192718838 351346670 0.319817 
****************** 
557 4648633555 7434951016 24889621 45188033 0.625241 
620 4113437011 7438361031 38632603 89275237 0.553003 
625 20000802057 7364735579 11378572 17727570 2.715753 
****************** 
557 6643491507 10719592998 35850316 65053336 0.619752 
620 5953390344 10755206470 55878057 129195152 0.553536 
638 20001052755 10018958998 2327131 58952866 1.996320 
****************** 
557 5966635769 9603561388 32131555 58592451 0.621294 
620 5324589054 9621509945 49972464 115806919 0.553405 
calculix 20000685995 9566957891 11060875 90651586 2.090600 
****************** 
557 20000021627 32860700588 110674832 196499313 0.608630 
620 17505993349 32965750741 168224619 384107278 0.531036 
mcf 10054245686 32970687562 408936930 948517651 0.304945 
****************** 
557 20000045246 31932145036 107062800 196045398 0.626330 
620 17537952111 31988381901 167174533 379443233 0.548260 
sphinx3 18415325297 31936149802 187121469 221592271 0.576629 
****************** 
557 15003426825 30233883559 120155198 146109647 0.496245 
620 12097809707 30327923910 193831817 279191465 0.398900 
lbm 20000120521 29989768330 378798836 618184037 0.666898 
****************** 
557 18832335321 31168670734 101967755 184315974 0.604207 
620 16707757130 31276738004 155575099 361564236 0.534191 
libquantum 20000191562 31233988690 633843198 634446829 0.640334 
****************** 
557 4280561849 7392142307 27705882 40870597 0.579069 
623 2737018496 7419323440 41530214 90846970 0.368904 
625 20000317252 7341430744 11258822 17744039 2.724308 
****************** 
557 6310007467 10676810315 38798903 60670452 0.591001 
623 3625942774 10704968660 63520923 120426677 0.338716 
638 20000335765 9973773950 2103506 59025595 2.005293 
****************** 
557 5603155867 9567519241 34909612 53405986 0.585644 
623 3696662143 9562397714 51401550 122798444 0.386583 
calculix 20000749993 9472171837 10187392 90607052 2.111527 
****************** 
557 20000053972 33591847481 116782013 189284277 0.595384 
623 10290016592 33662201478 193624978 342268286 0.305685 
mcf 11872229047 33714784048 392349644 983306060 0.352137 
****************** 
557 17981412773 29546016230 102879787 172568353 0.608590 
623 9844065971 29586014779 172853374 327503668 0.332727 
sphinx3 20000169103 29503901053 140783964 243410990 0.677882 
****************** 
557 16895573898 30084183952 108417769 168083076 0.561610 
623 6142487283 30155925595 196611851 204965213 0.203691 
lbm 20000146338 29827141437 415364765 616997636 0.670535 
****************** 
557 16917094957 30173641164 109431332 162226207 0.560658 
623 9665279167 30232747948 167858179 321228401 0.319696 
libquantum 20000169449 30174837047 624651158 634497866 0.662810 
****************** 
557 4817754788 7382509651 22113903 46566199 0.652590 
625 20000214484 7299491813 10905283 17666336 2.739946 
638 13903620621 6894641022 1377514 40941590 2.016584 
****************** 
557 4800851555 7335817292 21454585 46538106 0.654440 
625 20000327385 7284525348 10764326 17642145 2.745591 
calculix 14687087172 7243791110 5661304 42987978 2.027542 
****************** 
557 4502355098 7384224372 24848328 42616913 0.609726 
625 20000211972 7315801223 10698943 17706510 2.733838 
mcf 1799030300 7420955569 120564950 278517894 0.242426 
****************** 
557 4863574918 7834927148 25951977 46493317 0.620756 
625 20000407158 7768723933 14860007 18487064 2.574478 
sphinx3 7702008060 7746753917 25245950 72752021 0.994224 
****************** 
557 4351876766 8268435864 32615087 41820051 0.526324 
625 20000240270 8222636118 17429578 19755509 2.432339 
lbm 5507253171 7943369947 94396159 165214977 0.693314 
****************** 
557 4797462133 7979060949 26067339 45157701 0.601256 
625 20000153410 7935881709 15554346 19273287 2.520218 
libquantum 5979078783 7929347281 142386542 157025707 0.754044 
****************** 
557 6167916597 9472134398 28295614 59812342 0.651164 
638 17747178819 8873078034 2264709 52023610 2.000115 
calculix 20000742131 9407623177 9737914 90294230 2.126014 
****************** 
557 6378563973 10646463280 36955793 60097565 0.599125 
638 20000354098 9956082924 2295376 58792513 2.008858 
mcf 2681262157 10668925617 174985943 403020965 0.251315 
****************** 
557 7056708005 11510748479 39078590 67980966 0.613054 
638 20000680798 10828756503 6572282 58825341 1.846997 
sphinx3 10101696033 11453924240 42818801 106449401 0.881942 
****************** 
557 5524980942 10722496971 42832184 53173122 0.515270 
638 20000301096 10002973076 2181439 59309387 1.999436 
lbm 7182945351 10398603268 135388052 219153831 0.690761 
****************** 
557 6753443732 11213615432 36390408 64202435 0.602254 
638 20000814003 10513532362 4878833 59043881 1.902388 
libquantum 8035323632 11163864484 217609681 231263502 0.719762 
****************** 
557 5832963410 9675486352 33137091 54847515 0.602860 
calculix 20000505666 9578922524 10198101 90907177 2.087970 
mcf 2384029939 9712212311 157039727 368160245 0.245467 
****************** 
557 5888296270 9610439714 32023089 56624397 0.612698 
calculix 20000474572 9484392424 10542187 90607493 2.108778 
sphinx3 8283520137 9506399470 37372714 80882701 0.871363 
****************** 
557 5427879411 10545884500 41752515 52396888 0.514692 
calculix 20000805496 10405214922 15481422 91736609 1.922191 
lbm 6998554545 10185233215 133883505 211476283 0.687128 
****************** 
557 5855327560 9580998549 30844887 55688045 0.611140 
calculix 20000847240 9501799845 9972098 90504792 2.104954 
libquantum 7000499354 9548928802 183116897 194866701 0.733119 
****************** 
557 20000012264 34333637376 122894706 198694859 0.582519 
mcf 11004758145 34429205079 412785797 969116580 0.319634 
sphinx3 19024414516 34342366533 196964851 232176008 0.553963 
****************** 
557 15107672178 31869434859 123332355 148141284 0.474049 
lbm 20000182845 31628843561 429840227 618866953 0.632340 
mcf 8614885944 31982616990 400693968 919283213 0.269362 
****************** 
557 18221343508 31589987980 104854955 172476004 0.576808 
libquantum 20000328668 31624471424 605972348 634454506 0.632432 
mcf 10123307394 31695662832 373203342 949117246 0.319391 
****************** 
557 14979170180 29692941896 118827790 146718217 0.504469 
lbm 20000280529 29440313040 365373034 620048480 0.679350 
sphinx3 15543863427 29687142406 172363761 181708400 0.523589 
****************** 
557 17361815775 29634408700 101688695 164211144 0.585867 
libquantum 20000156864 29655744962 600092069 634461256 0.674411 
sphinx3 19897258092 29656314766 128859638 240826236 0.670928 
****************** 
557 14491614295 30734211146 121043371 140112413 0.471514 
lbm 20000093552 30461608888 367462241 618209590 0.656567 
libquantum 17822588283 30754192475 562686226 564267665 0.579517 
****************** 
602 7418132220 39424420508 194199508 197418040 0.188161 
620 20000058295 39517779786 234907284 442415634 0.506103 
623 13484708637 39531610443 219389026 448608010 0.341112 
****************** 
602 1422051841 7352696085 36838681 37442183 0.193405 
620 4176539168 7349788166 36489775 90113109 0.568253 
625 20000981472 7324263850 11096222 17698174 2.730784 
****************** 
602 2459382295 12894730091 63625392 64891730 0.190728 
620 7561676738 12936078758 62385125 162012569 0.584542 
638 20000610126 12189792454 12847861 58094064 1.640767 
****************** 
602 1812537745 9555762718 47350991 48117299 0.189680 
620 5470125243 9580929111 46984754 117787599 0.570939 
calculix 20000817380 9466831344 10213943 90538786 2.112726 
****************** 
602 6742637376 37139979520 176212340 179400629 0.181547 
620 20000139301 37230340015 189802542 433676709 0.537200 
mcf 12177578973 37271098365 429521271 987939040 0.326730 
****************** 
602 5672743224 29830317967 147789199 150851677 0.190167 
620 15492286502 29886721542 167554630 340039084 0.518367 
sphinx3 20000306806 29801007831 144467180 244004731 0.671129 
****************** 
602 5073522270 30008107428 134442575 135844648 0.169072 
620 12349559528 30093887479 190422485 283385356 0.410368 
lbm 20000136820 29758721652 381051222 616898947 0.672076 
****************** 
602 5325456424 30008730279 139060545 142101376 0.177464 
620 16460991465 30098386965 146548988 354096453 0.546906 
libquantum 20000205748 30037198228 632930474 634450820 0.665848 
****************** 
602 1520510451 8019165536 38985664 40020808 0.189610 
623 3857900067 8039244149 34056112 128110804 0.479883 
625 20000159864 7963065954 16414612 18869100 2.511615 
****************** 
602 2217672452 11594629365 57216341 58671492 0.191267 
623 4711481564 11612209157 58821360 156418685 0.405735 
638 20000333796 10897173318 6590806 58650073 1.835369 
****************** 
602 1807969217 9664203803 47193737 47954655 0.187079 
623 3828208718 9684292975 50883135 127109771 0.395301 
calculix 20001551281 9561849270 10922190 90590385 2.091808 
****************** 
602 9195179172 49194456566 241100540 244940503 0.186915 
623 15307429813 49260322705 285667300 509576054 0.310746 
mcf 20000033791 49295635911 442308467 1376656185 0.405716 
****************** 
602 6027596837 31588529623 156812004 160253320 0.190816 
623 10441483330 31633742106 190216572 347231817 0.330074 
sphinx3 20000279299 31556974221 166751679 243962638 0.633783 
****************** 
602 5174719375 29375260288 136891190 138311349 0.176159 
623 6347498330 29424740225 197803608 211666423 0.215720 
lbm 20000138825 29108143363 343863220 616807670 0.687098 
****************** 
602 5118808361 28686213263 135021813 136936000 0.178441 
623 9709038387 28816491792 154240952 322820488 0.336926 
libquantum 20000177972 28742055884 605867202 634397807 0.695851 
****************** 
602 1417778137 7355989991 35915743 37175214 0.192738 
625 20000235183 7303026782 10971132 17681676 2.738623 
638 13863959932 6876601234 1347046 40953271 2.016106 
****************** 
602 1389099647 7257601478 34772277 36386074 0.191399 
625 20000190208 7221916975 10078732 17614832 2.769374 
calculix 14677615279 7179595197 5002011 42907445 2.044351 
****************** 
602 1362913538 7326311271 35166246 35826245 0.186030 
625 20000613416 7269878068 10324137 17669093 2.751162 
mcf 1801467196 7356456887 119194306 279606109 0.244882 
****************** 
602 1491360141 7788731595 38099114 39235924 0.191477 
625 20000664132 7766913445 14764390 18532454 2.575111 
sphinx3 8129297452 7712268875 23188207 78739746 1.054073 
****************** 
602 1440993621 7902734366 37601479 38138854 0.182341 
625 20000243065 7869336287 14864320 18867757 2.541541 
lbm 5309264943 7590803370 91972659 159451560 0.699434 
****************** 
602 1359070296 7463676224 34995406 35725383 0.182091 
625 20000821830 7435518359 11567200 17900399 2.689903 
libquantum 5704302209 7408135012 137556534 146267430 0.770005 
****************** 
602 1853383579 9469929228 45860644 49061123 0.195713 
638 17337758789 8889977038 3251642 50856124 1.950259 
calculix 20000722704 9401572645 9554718 90577848 2.127381 
****************** 
602 1955165651 10669633096 51334759 52013748 0.183246 
638 20000801203 9974537331 2388368 59073583 2.005186 
mcf 2724179638 10700465166 177157879 410286861 0.254585 
****************** 
602 2417901245 12249984475 60766964 63734859 0.197380 
638 20000144868 11550703109 10082759 57435778 1.731509 
sphinx3 11723320846 12188277309 39179199 128978439 0.961852 
****************** 
602 1923854404 10751287198 50793554 51238378 0.178942 
638 20000305582 9993335651 2154609 58791859 2.001364 
lbm 7330628107 10433729066 135594184 224438026 0.702589 
****************** 
602 1999056835 10791787189 51329533 52904188 0.185239 
638 20000322760 10032630521 2248864 58892251 1.993527 
libquantum 7871072219 10765857880 225179507 226007132 0.731114 
****************** 
602 1814506155 9686236566 46894207 48277879 0.187328 
calculix 20000669521 9584163044 10578125 91205018 2.086846 
mcf 2399600068 9702295417 156987956 370233509 0.247323 
****************** 
602 1840363604 9569574363 46706265 48768450 0.192314 
calculix 20000670438 9454409813 10032164 90612650 2.115486 
sphinx3 8722036889 9477504782 35811201 86946024 0.920288 
****************** 
602 1835593198 10317434419 48153734 48949826 0.177912 
calculix 20000655583 10223280775 14754500 91058655 1.956383 
lbm 6992561074 10002989581 127892034 211389814 0.699047 
****************** 
602 1769985261 9683026807 45973821 47147037 0.182793 
calculix 20000661761 9549893642 10786078 91087495 2.094333 
libquantum 7262247865 9597984619 186578487 204560339 0.756643 
****************** 
602 5238722175 28530454697 136704779 139544593 0.183619 
mcf 9557916469 28645733659 366010678 939031384 0.333659 
sphinx3 20000202413 28531044132 122755946 243186921 0.700998 
****************** 
602 5012340205 30690562269 133615221 134729880 0.163319 
lbm 20000117926 30456526345 415754695 620214164 0.656678 
mcf 8461771075 30824869284 398724354 916686406 0.274511 
****************** 
602 5170584358 30547576029 136005605 138489670 0.169263 
libquantum 20000156949 30591776595 594733705 634530310 0.653776 
mcf 9743378730 30650787770 367148254 941906860 0.317883 
****************** 
602 5212529735 29162828984 137855089 139291751 0.178739 
lbm 20000122131 28887108380 351286034 618111430 0.692355 
sphinx3 15589779768 29116164873 172459416 181976589 0.535434 
****************** 
602 5212326338 28831738333 135563559 138970595 0.180784 
libquantum 20000165268 28797463208 610911552 634336281 0.694511 
sphinx3 18971464466 28772450251 135091237 229353409 0.659362 
****************** 
602 5024892975 30193312109 133981610 135087262 0.166424 
lbm 20000107044 29920551940 361635561 618160486 0.668440 
libquantum 18223013837 30204261660 576828404 577389555 0.603326 
****************** 
620 4083203974 8042279404 47868441 90543813 0.507717 
623 2915076425 8035511761 43922192 96742089 0.362774 
625 20000707450 7971279810 16255977 19060893 2.509096 
****************** 
620 5977098360 11223943480 61648977 131423493 0.532531 
623 3225297329 11248020878 73098228 107129511 0.286744 
638 20000136828 10503819736 4672832 58678130 1.904082 
****************** 
620 5084881060 9744283604 55063443 111594839 0.521832 
623 3039837491 9782521804 60897952 100937798 0.310742 
calculix 20000818262 9659513884 11627272 90516728 2.070582 
****************** 
620 19999948739 39601411399 214019520 440112928 0.505031 
623 9087445269 39714531025 269598708 302247703 0.228819 
mcf 12831738678 39758569774 450905991 1003304763 0.322741 
****************** 
620 17672344510 34281159376 190351564 388095765 0.515512 
623 9175228539 34393176554 230269593 305145837 0.266775 
sphinx3 20000580878 34343995940 197330808 243976573 0.582360 
****************** 
620 13785807052 30739465393 172780631 308378252 0.448473 
623 6035823048 30854612484 196133912 201404597 0.195621 
lbm 20000151648 30521561128 460197237 617244700 0.655279 
****************** 
620 15348234284 30579018809 168456413 338025400 0.501920 
623 8176970053 30648889453 185742590 271702922 0.266795 
libquantum 20000209470 30593338169 626681896 634433574 0.653744 
****************** 
620 4135091482 7390045583 37301674 89303439 0.559549 
625 20000708328 7336121545 11283735 17705416 2.726333 
638 13916059832 6902018206 1350542 41000098 2.016231 
****************** 
620 4159537789 7367681111 36975513 89677650 0.564565 
625 20000186035 7328065076 11214554 17633477 2.729259 
calculix 14615113963 7302624449 6427805 42422794 2.001351 
****************** 
620 3987570674 7485855220 37558850 87114056 0.532681 
625 20000266587 7410579660 11516862 17761719 2.698880 
mcf 1771465835 7520648808 124933645 273567365 0.235547 
****************** 
620 4098678019 7943759779 46206469 90766784 0.515962 
625 20000622813 7887805822 15710965 18870841 2.535638 
sphinx3 7031802183 7852065801 30423955 63319994 0.895535 
****************** 
620 3703772211 7761859290 40905382 82258407 0.477176 
625 20000865330 7702715595 12590777 17855946 2.596599 
lbm 4900415104 7447713160 120265495 146188614 0.657976 
****************** 
620 3980032062 7582397347 38140062 86727402 0.524904 
625 20000563445 7467667883 11648914 17744536 2.678288 
libquantum 5517044337 7495894139 138069883 138842160 0.736009 
****************** 
620 5339951628 9510013929 48169022 115427873 0.561508 
638 17978469938 8892251139 1804397 52848754 2.021813 
calculix 20001458534 9412932094 10652708 90232587 2.124891 
****************** 
620 5878300892 10790893557 54709701 127693717 0.544746 
638 20000273920 10057436250 2628983 58810476 1.988606 
mcf 2592816461 10857394919 181976188 394835017 0.238806 
****************** 
620 6147260711 11935746520 69390234 135000530 0.515029 
638 20000121058 11257579393 8833699 58177293 1.776592 
sphinx3 9713766422 11875017205 48488588 100545866 0.818000 
****************** 
620 5125114146 10795375975 57479734 113891873 0.474751 
638 20000410660 10035555580 2120331 58905314 1.992955 
lbm 6928228355 10484926835 173939231 211770130 0.660780 
****************** 
620 5866287573 10690721766 52619588 126696223 0.548727 
638 20000793903 9964862909 2128987 59216034 2.007132 
libquantum 7535967784 10669571197 214213242 214791833 0.706305 
****************** 
620 5331370524 9788213407 49522406 115967624 0.544672 
calculix 20001469521 9685598695 11213634 90663096 2.065073 
mcf 2322105041 9837937142 163736393 360565123 0.236036 
****************** 
620 5324998361 9717835386 51093404 115974896 0.547961 
calculix 20000591390 9616159056 11697084 90666552 2.079894 
sphinx3 7021527446 9625430255 51869990 63643969 0.729477 
****************** 
620 4903439697 10540020179 56591604 109033919 0.465221 
calculix 20001260459 10431630627 14753647 90921970 1.917367 
lbm 6710185892 10226141783 167324755 202509659 0.656180 
****************** 
620 5279490257 9739434906 47282378 114244187 0.542074 
calculix 20000774119 9620685461 10631375 90593871 2.078934 
libquantum 6797138688 9670581272 186838570 187537433 0.702868 
****************** 
620 19271259724 36699437959 191859106 419120653 0.525110 
mcf 11832483927 36837942355 431240597 982499985 0.321204 
sphinx3 20000116435 36766432190 211797085 243994026 0.543978 
****************** 
620 13935429050 32994737026 172198301 311170261 0.422353 
lbm 20000241607 32748446432 529317559 621891101 0.610723 
mcf 8332552735 33123987356 410841136 912380505 0.251556 
****************** 
620 15890731272 32383670593 164604797 347448553 0.490702 
libquantum 20000165473 32450278804 634055664 634667492 0.616333 
mcf 9596226565 32543075147 391723170 940233731 0.294878 
****************** 
620 14652860122 31286422996 162853495 324157788 0.468346 
lbm 20000119647 31031810434 497946321 623572268 0.644504 
sphinx3 15343565940 31294659308 175350583 181996182 0.490293 
****************** 
620 16430797819 31269775411 156591538 356007914 0.525453 
libquantum 20000151659 31321217919 633627084 634414494 0.638550 
sphinx3 17392876258 31294340769 171580193 208078466 0.555783 
****************** 
620 14452124394 32976447153 162155749 319693303 0.438256 
lbm 20000116217 32692813642 510662558 618431350 0.611759 
libquantum 17161721517 32998818776 539467404 540073986 0.520071 
****************** 
623 3483646594 7962901855 38298694 115725524 0.437485 
625 20000223319 7918256254 16151439 18766325 2.525837 
638 13735716118 7498188976 4628814 40236923 1.831871 
****************** 
623 3565939410 7933100790 36904722 118412234 0.449501 
625 20000668370 7903489637 15948748 18659454 2.530612 
calculix 15333847047 7874248424 8868169 49989602 1.947341 
****************** 
623 2749047066 8279442922 46167057 91210504 0.332033 
625 20000206215 8210406305 17795013 19933813 2.435958 
mcf 2012595905 8319515693 135346224 310754406 0.241913 
****************** 
623 3193750235 8017939141 41872019 106043866 0.398326 
625 20000457844 7970560402 16529550 18954709 2.509291 
sphinx3 6627875126 7932151878 34716688 57690518 0.835571 
****************** 
623 1731401322 7577811966 50315660 57652561 0.228483 
625 20000287802 7516944018 12012823 17806331 2.660694 
lbm 4972733589 7237600075 97013861 148312072 0.687069 
****************** 
623 3097604457 8214940918 40782395 102819117 0.377070 
625 20000183775 8176286507 17510476 19952579 2.446121 
libquantum 6131468788 8184605622 156602551 162830567 0.749147 
****************** 
623 3750039607 9557371781 51486470 124503394 0.392371 
638 16009507323 8999547881 6694191 46582134 1.778924 
calculix 20000697255 9482838929 10343947 90182567 2.109147 
****************** 
623 3085331601 10664168810 65187607 102410397 0.289318 
638 20000220192 9947746962 2408480 56100195 2.010528 
mcf 2647985060 10705980759 177402006 402762657 0.247337 
****************** 
623 3266357299 10657472966 68569311 108461980 0.306485 
638 20000249106 9984799651 2366652 59019293 2.003070 
sphinx3 7712589521 10604271593 56517505 73039558 0.727310 
****************** 
623 2374490833 10736874067 72171951 79177661 0.221153 
638 20000278686 10012587068 2256006 59278600 1.997514 
lbm 7229432197 10445584891 139874236 220611745 0.692104 
****************** 
623 4412352466 12729841518 67830665 146457773 0.346615 
638 20000316366 12036890345 12340277 58403407 1.661585 
libquantum 9132245154 12703363433 253848663 263032422 0.718884 
****************** 
623 2854010796 9593813565 58136318 94754495 0.297484 
calculix 20000684717 9517271976 10236721 90331861 2.101514 
mcf 2342881606 9620073877 157062230 361578543 0.243541 
****************** 
623 3331162598 9586321639 55503681 110700126 0.347491 
calculix 20001308141 9480751713 10467958 90672327 2.109675 
sphinx3 7479989374 9501221760 44576731 69846724 0.787266 
****************** 
623 2448028105 10877911816 71550522 81624581 0.225046 
calculix 20000794377 10761001810 17893677 92728721 1.858637 
lbm 7194791759 10557190824 148443225 218107070 0.681506 
****************** 
623 3477915235 10036295232 53561542 115558384 0.346534 
calculix 20001381019 9925659895 13700063 91916735 2.015119 
libquantum 7310034651 9944039900 199602828 206541286 0.735117 
****************** 
623 8814843827 32098209715 201595489 293048948 0.274621 
mcf 10499948268 32244799300 394077687 957345674 0.325632 
sphinx3 20000379669 32127015576 161080435 242609935 0.622541 
****************** 
623 6052669907 31703179484 197324530 201754304 0.190917 
lbm 20000175010 31478861441 441831133 617540689 0.635353 
mcf 8301501293 31866922295 403376404 912730037 0.260505 
****************** 
623 8255212792 31027364519 178736761 274427343 0.266062 
libquantum 20000122553 31082972527 616998041 634494818 0.643443 
mcf 9487059379 31153669228 375589567 933196571 0.304525 
****************** 
623 6325194795 29859527221 197311187 210821336 0.211832 
lbm 20000115570 29609565838 397405938 626727649 0.675461 
sphinx3 15564237323 29869917135 174214628 182311173 0.521067 
****************** 
623 8894098587 29495747836 169683333 295659489 0.301538 
libquantum 20000126373 29519035496 613221245 634368647 0.677533 
sphinx3 17856932164 29492781716 145004898 211680735 0.605468 
****************** 
623 6064591366 30952099072 191976795 202118197 0.195935 
lbm 20000152786 30740899652 398190487 620705365 0.650604 
libquantum 17809314016 31037871486 562534213 563513497 0.573793 
****************** 
625 20000143469 7258572665 10409337 17683569 2.755382 
638 13870495433 6851856888 1389930 40821384 2.024341 
calculix 14788746424 7247218577 5358959 43971179 2.040610 
****************** 
625 20000110861 7329842201 11012034 17742629 2.728587 
638 13244606387 6944084638 3332546 38966859 1.907322 
mcf 1820075841 7417214584 121833998 281206115 0.245385 
****************** 
625 20000077560 7528425415 12901794 18032418 2.656608 
638 13398108278 7131796659 3765717 39217223 1.878644 
sphinx3 7077121925 7535042704 29464875 64362161 0.939228 
****************** 
625 20000077220 7767507787 13978919 18433940 2.574838 
638 14462456868 7312349773 2009542 42941552 1.977813 
lbm 5225778597 7517886981 104416373 157415480 0.695113 
****************** 
625 20000552600 7661471055 13500063 18456784 2.610537 
638 13167352505 7259244613 4848100 38570274 1.813874 
libquantum 5864229116 7666408514 142169078 152669296 0.764925 
****************** 
625 20000417594 7328168779 10990392 17802200 2.729252 
calculix 14641565153 7317943079 6134179 42688252 2.000776 
mcf 1825975472 7430365678 122366639 282833561 0.245745 
****************** 
625 20000307310 7599740487 13408179 18171780 2.631709 
calculix 15214403651 7555311109 6855794 48375801 2.013736 
sphinx3 7098894530 7558950565 28006434 64519736 0.939138 
****************** 
625 20000089483 7798253294 14137606 18553827 2.564688 
calculix 14426653320 7762375094 9449049 40988507 1.858536 
lbm 5183123523 7536326264 106337150 155173183 0.687752 
****************** 
625 20000677666 7751337158 14120612 18807594 2.580287 
calculix 15511879245 7712562177 6699526 51331489 2.011249 
libquantum 5940974715 7758420001 142605801 155338038 0.765745 
****************** 
625 20000094964 7853446502 15016971 18921748 2.546665 
mcf 1941197484 7927551634 129828164 301678048 0.244867 
sphinx3 6644363974 7848439089 32498252 57652012 0.846584 
****************** 
625 20000129485 8597016057 18537429 20717228 2.326404 
lbm 5389070700 8371181422 110366647 161747680 0.643765 
mcf 1851543267 8736836568 141622113 284223012 0.211924 
****************** 
625 20000601669 7623178020 12481458 18168177 2.623657 
libquantum 5489886589 7633322410 133809572 137919059 0.719200 
mcf 1771856457 7720623461 120605427 272971228 0.229497 
****************** 
625 20000715671 7940490634 15054613 19002325 2.518826 
lbm 5244723429 7665178916 103525417 156924295 0.684227 
sphinx3 5681055022 7928072649 41848368 44715864 0.716575 
****************** 
625 20000125133 7525514842 12151827 17892146 2.657642 
libquantum 5644414507 7515983532 141524311 143998962 0.750988 
sphinx3 6344621187 7505045114 33015090 54155270 0.845381 
****************** 
625 20000122856 7936484526 14085190 18633555 2.520023 
lbm 5022923919 7674506251 102272635 150152159 0.654495 
libquantum 5330241724 7977719562 130972968 131948566 0.668141 
****************** 
638 17873173654 8885701380 2205479 49854692 2.011453 
calculix 20001107377 9431787713 9720095 90206641 2.120606 
mcf 2360190824 9562670425 157291138 363622607 0.246813 
****************** 
638 16072983498 8967708707 6581134 45189851 1.792318 
calculix 20000580002 9425313014 10156556 90387421 2.122007 
sphinx3 8571624052 9463025784 35729992 84826545 0.905802 
****************** 
638 18579054497 9607368669 3708248 51979039 1.933834 
calculix 20000610776 10219889600 14695276 90650190 1.957028 
lbm 6899862598 9994874626 147818711 210174414 0.690340 
****************** 
638 17544648775 8897590769 2862603 48859732 1.971843 
calculix 20000651697 9423614165 9448257 90199743 2.122397 
libquantum 7078188805 9469203133 189010144 197531726 0.747496 
****************** 
638 20000200986 10403689298 4758671 54117948 1.922414 
mcf 2848488784 11172175160 189306392 423587105 0.254963 
sphinx3 8201030913 11076937197 50919070 79017556 0.740370 
****************** 
638 20000026417 12422477387 13003217 56102440 1.609987 
lbm 8389971840 12974465491 182070051 257199418 0.646653 
mcf 2919527035 13339374543 221347852 429239550 0.218865 
****************** 
638 20000255304 11078420362 7582120 55746879 1.805335 
libquantum 7935558390 11758957735 220716684 228050041 0.674852 
mcf 2870812379 11846544565 189391407 424969843 0.242333 
****************** 
638 20000504718 13233895450 17981190 52903679 1.511309 
lbm 9436419179 13737892287 183639022 290646808 0.686890 
sphinx3 8483686768 13986113628 78662347 83238485 0.606579 
****************** 
638 20000808787 11672509511 10654899 56122411 1.713497 
libquantum 8967819368 12352832658 244559009 256513870 0.725973 
sphinx3 9491752808 12327527377 50991365 96929109 0.769964 
****************** 
638 20000682577 10033070933 2207323 55860404 1.993476 
lbm 6874802568 10459224696 144801341 209539330 0.657296 
libquantum 6764877492 10764565776 185324402 186290718 0.628439 
****************** 
calculix 20000470389 9744813974 11609769 90992868 2.052422 
mcf 2416669625 9897273075 163938578 374317101 0.244175 
sphinx3 7595635106 9801838625 44794581 71074991 0.774919 
****************** 
calculix 20000555093 10548133536 14644498 90910649 1.896123 
lbm 6606280538 10345081522 151402645 199080349 0.638591 
mcf 2223750463 10676251240 172740679 341907501 0.208289 
****************** 
calculix 20000524398 9644080393 9992490 90519618 2.073865 
libquantum 6720924217 9707236559 178387400 184600461 0.692362 
mcf 2254719239 9761396276 151999613 347108639 0.230983 
****************** 
calculix 20001030199 10406900497 15282132 91174621 1.921901 
lbm 6919213811 10218048982 152115988 210934075 0.677156 
sphinx3 6806514792 10450065519 56049016 60484934 0.651337 
****************** 
calculix 20000638771 11858207863 29636937 91801377 1.686649 
libquantum 8678923756 11911084386 234371945 245759450 0.728643 
sphinx3 9118812828 11898579763 49754550 91973687 0.766378 
****************** 
calculix 20000969982 10802699820 16449535 91973931 1.851479 
lbm 6840480464 10595137537 151113854 207938897 0.645625 
libquantum 6693748711 10880898773 182978587 183758627 0.615183 
****************** 
lbm 20000175141 31063716144 430884973 618708418 0.643844 
mcf 8223372955 31508261057 401847081 912406481 0.260991 
sphinx3 15166556130 31383125083 171906958 178845811 0.483271 
****************** 
libquantum 20000166699 31015384530 614948183 634411382 0.644847 
mcf 9536289220 31152210771 377680373 935244263 0.306119 
sphinx3 18680943556 31047839244 144265481 223299933 0.601683 
****************** 
lbm 20000095050 33374615633 495267680 618655402 0.599261 
libquantum 17117339483 33781444294 537407772 538388989 0.506708 
mcf 5858756799 33845747839 420980591 780695879 0.173102 
****************** 
lbm 20000178004 31363447120 420007398 621559372 0.637691 
libquantum 17612012505 31768317857 556089787 556708701 0.554389 
sphinx3 15163537833 31701736715 171868335 178791735 0.478319 
