520 557 mcf
521 605 sphinx3
557 605 sphinx3
521 638 mcf
620 623 sphinx3
520 623 625
519 602 625
519 638 calculix
519 623 sphinx3
519 521 625
602 calculix mcf
521 605 638
602 625 lbm
519 638 sphinx3
520 623 sphinx3
calculix lbm sphinx3
557 620 mcf
605 623 calculix
505 521 mcf
623 mcf sphinx3
625 638 lbm
520 557 620
505 623 sphinx3
602 calculix lbm
520 557 605
519 557 638
505 602 sphinx3
505 521 620
505 620 sphinx3
605 620 sphinx3
520 602 623
519 602 638
505 520 sphinx3
623 calculix lbm
557 602 605
557 calculix lbm
602 605 625
505 mcf sphinx3
638 lbm sphinx3
505 calculix mcf
602 638 lbm
602 mcf sphinx3
519 623 638
557 605 625
521 calculix mcf
519 623 625
521 620 lbm
620 623 625
520 620 623
602 605 calculix
521 605 620
520 557 623
602 605 sphinx3
557 620 lbm
557 638 lbm
605 625 638
520 521 mcf
557 605 623
505 557 620
521 620 623
505 602 625
521 602 620
557 623 lbm
557 638 mcf
520 602 620
519 557 calculix
519 521 638
620 calculix lbm
521 620 mcf
620 625 mcf
605 623 625
521 625 mcf
521 638 lbm
505 521 625
505 520 602
505 623 calculix
605 623 sphinx3
505 520 521
602 620 sphinx3
625 calculix lbm
521 625 lbm
505 623 625
505 521 calculix
605 625 calculix
520 602 mcf
505 520 557
520 521 605
520 605 623
505 625 mcf
520 605 sphinx3
505 557 623
505 557 mcf
521 605 625
623 625 lbm
519 557 625
520 521 602
623 625 mcf
620 mcf sphinx3
520 602 sphinx3
519 602 calculix
602 lbm sphinx3
620 lbm sphinx3
605 calculix sphinx3
557 620 623
602 605 638
519 625 638
519 521 calculix
520 521 623
519 623 calculix
605 638 sphinx3
620 625 lbm
623 638 lbm
623 lbm sphinx3
519 602 sphinx3
557 602 620
520 521 620
557 605 calculix
602 638 mcf
602 620 623
521 605 calculix
519 625 sphinx3
520 557 602
520 602 605
638 calculix lbm
557 625 lbm
521 calculix lbm
519 625 calculix
519 557 sphinx3
557 605 620
605 625 sphinx3
605 620 625
557 623 mcf
602 625 mcf
623 calculix mcf
519 calculix sphinx3
557 605 638
