520 623 mcf
521 623 lbm
505 520 625
520 521 623
557 602 lbm
557 calculix mcf
505 520 sphinx3
520 lbm sphinx3
521 calculix mcf
557 623 lbm
505 521 calculix
505 623 638
519 623 625
521 calculix lbm
519 602 calculix
521 625 mcf
625 libquantum
520 623 calculix
calculix lbm
602 623 638
521 638 mcf
505 521 mcf
505 520 521
519 638
520 557 620
620 625 lbm
620 calculix lbm
638 libquantum
520 602 sphinx3
521 557 620
519 557 620
520 521 mcf
623 lbm sphinx3
623 mcf sphinx3
620 mcf sphinx3
602 620 sphinx3
505 557 620
625 638 mcf
520 557 mcf
505 521 625
520 602 620
519 557 638
521 620 mcf
519 620 calculix
602 mcf sphinx3
519 623 638
mcf sphinx3
520 521 sphinx3
520 557 lbm
620 623 calculix
520 521 602
557 602 623
602 625 lbm
521 602 620
520 623 sphinx3
520 521 620
521 620 625
557 602 620
557 638 lbm
505 557 mcf
620 lbm sphinx3
625 calculix lbm
lbm sphinx3
520 602 lbm
521 638 lbm
505 557 623
519 620 625
505 602 620
623 625 lbm
505 625
505 521
638 mcf sphinx3
623 calculix lbm
519 521 calculix
519 620 sphinx3
520 602 mcf
519 521 625
519 625 638
calculix mcf sphinx3
505 602 sphinx3
557 623 mcf
625 lbm sphinx3
623 625 mcf
638 lbm sphinx3
602 623 sphinx3
521 libquantum
521 620 calculix
521 620 sphinx3
557 625 mcf
519 625 calculix
623 638 lbm
505 625 mcf
519 557 602
519 sphinx3
519 521 638
557 620 mcf
520 557 623
505 557 638
602 620 625
calculix libquantum
602 calculix mcf
505 623 mcf
505 520 623
557 620 lbm
520 620 sphinx3
519 calculix sphinx3
505 521 620
519 638 calculix
520 623 625
521 lbm
505 602 625
505 sphinx3
505 602 calculix
505 623 calculix
520 557 sphinx3
505 623 625
521 mcf sphinx3
520 625 lbm
519 calculix
602 620 mcf
520 521 lbm
520 557 625
602 638 mcf
520 623 638
520 602 625
519 521 620
519 623 sphinx3
602 620 lbm
557 mcf
505 557
638 calculix lbm
519 557 sphinx3
519 557
602 625 mcf
519 602 625
625 638 lbm
638 lbm
520 620 623
505 620 625
505 521 638
602 mcf
520 521 557
505 623
620 623 625
557 calculix lbm
519 625 sphinx3
505 602 mcf
519 602 sphinx3
519 521 sphinx3
505 620 sphinx3
519 625
602 lbm sphinx3
520 521 625
519 638 sphinx3
519 557 calculix
libquantum sphinx3
519 557 625
557 libquantum
520 557 602
521 620 lbm
602 623 calculix
557 620 623
625 lbm
602 620 calculix
519 620 638
505 mcf sphinx3
505 557 calculix
519 623 calculix
620 623 sphinx3
519 602 638
505 623 sphinx3
602 623 625
519 557 623
calculix lbm sphinx3
505 520 602
623 lbm
521 620 623
505 520 557
