521 605 calculix
520 605 625
602 638 lbm
520 521 mcf
605 623 calculix
505 520 521
602 620 sphinx3
602 605 sphinx3
521 lbm sphinx3
623 638 lbm
605 638 sphinx3
505 520 638
505 602 625
505 557 623
557 lbm sphinx3
557 605 625
505 520 625
519 521 calculix
557 605 calculix
521 620 lbm
505 620 638
557 602 lbm
620 623 638
620 625 mcf
519 602 625
505 557 mcf
519 625 calculix
505 calculix mcf
521 calculix lbm
557 620 lbm
521 605 638
519 521 638
505 602 sphinx3
520 557 623
605 623 sphinx3
519 521 sphinx3
505 620 sphinx3
520 521 605
521 625 mcf
623 calculix mcf
505 521 625
602 605 calculix
602 605 625
505 602 calculix
521 602 lbm
521 602 620
519 557 625
602 605 638
620 mcf sphinx3
557 mcf sphinx3
519 521 625
505 623 calculix
602 lbm sphinx3
519 calculix sphinx3
521 calculix mcf
505 557 620
620 calculix lbm
519 638 sphinx3
519 623 sphinx3
519 521 557
505 520 602
505 mcf sphinx3
521 605 625
519 557 sphinx3
602 mcf sphinx3
519 625 638
505 520 557
620 623 sphinx3
519 602 623
520 557 mcf
520 605 sphinx3
557 605 623
638 calculix lbm
520 521 623
557 605 620
505 520 sphinx3
557 623 lbm
602 638 mcf
625 calculix lbm
602 calculix mcf
602 625 mcf
623 mcf sphinx3
519 602 sphinx3
519 521 602
557 623 mcf
520 602 mcf
519 602 638
505 623 638
505 625 mcf
620 calculix mcf
623 638 mcf
557 calculix lbm
557 605 sphinx3
520 557 605
520 602 620
520 623 625
605 620 calculix
520 557 620
557 602 605
520 605 calculix
521 605 620
521 557 lbm
505 521 mcf
505 521 620
605 623 638
520 623 638
557 602 620
519 602 calculix
520 620 calculix
638 lbm sphinx3
521 620 623
505 521 calculix
521 620 mcf
521 605 sphinx3
605 623 625
602 625 lbm
505 520 calculix
calculix lbm sphinx3
505 620 calculix
521 638 lbm
623 625 mcf
520 605 623
620 638 mcf
605 620 625
519 557 638
620 lbm sphinx3
520 602 calculix
520 623 sphinx3
505 623 625
521 625 lbm
620 625 lbm
521 557 605
623 lbm sphinx3
557 625 lbm
605 620 sphinx3
520 calculix mcf
519 638 calculix
602 calculix lbm
520 521 620
557 638 lbm
557 620 623
519 557 calculix
519 521 623
520 620 638
623 625 lbm
519 557 602
623 calculix lbm
557 620 mcf
520 625 mcf
557 638 mcf
557 605 638
519 557 623
520 638 mcf
605 calculix sphinx3
505 638 mcf
625 638 lbm
505 623 sphinx3
