505 calculix sphinx3
625 638 mcf
521 638 calculix
620 625 638
520 521 623
602 638 calculix
602 620 623
505 521
620 638 calculix
521 623 calculix
521 623 sphinx3
520 602
557 638 calculix
520 sphinx3
520 521
521 623
521 557
623 625
557 620 638
calculix mcf
557 620 623
605 sphinx3
calculix sphinx3
521 557 calculix
625 638 sphinx3
521 602 620
520 557
620 625 calculix
623 625 calculix
505 625 sphinx3
505 521 638
557 mcf sphinx3
602 sphinx3
620 625
602 623
520 521 sphinx3
625 mcf
620 623 sphinx3
521 557 623
520 620 625
638 calculix mcf
520 623 625
557 602 calculix
505 557 sphinx3
521 638
520 521 602
557 620 sphinx3
620 638
602 calculix sphinx3
520 620
520 620 calculix
520 620 sphinx3
521 602 623
557 602 620
623 calculix
520 calculix
520 620 623
505 638 calculix
520 602 623
620 623
505 521 625
520 557 calculix
521 620 sphinx3
505 625 calculix
505 625
557 625 sphinx3
620 calculix sphinx3
520 638
505 calculix
602 620 625
520 638 calculix
505 557
602 638
520 521 620
lbm sphinx3
602 620 638
505 557 638
521 557 620
521 620 625
620 625 sphinx3
521 557 sphinx3
602 638 sphinx3
520 602 calculix
605 calculix
521 625 638
520 625 calculix
520 557 602
557 620 calculix
605 638
521 sphinx3
557 602 625
625 calculix sphinx3
620 sphinx3
520 638 sphinx3
623 calculix sphinx3
638 sphinx3
602 625 638
520 623 638
602 620
520 557 sphinx3
557 625 638
625 sphinx3
557 sphinx3
557 625 mcf
625 mcf sphinx3
602 620 sphinx3
520 602 620
505 sphinx3
557 638
638 calculix sphinx3
521 625 sphinx3
605 625
521 620 calculix
623 625 sphinx3
623 638 sphinx3
557 625
505 521 sphinx3
521 623 625
557 calculix
520 calculix sphinx3
602 625 sphinx3
520 521 625
520 557 638
557 620
505 521 calculix
521 602 sphinx3
557 602 sphinx3
620 623 625
557 638 sphinx3
520 557 625
505 625 638
620 calculix
557 602 623
557 602 638
625 calculix mcf
520 602 625
505 557 calculix
521 602 calculix
505 557 625
calculix lbm
520 623 sphinx3
620 638 sphinx3
521 620 638
520 623
557 620 625
625 calculix
521 623 638
638 mcf
602 calculix
557 623 638
602 625
521 620
557 623 sphinx3
557 lbm
557 625 calculix
520 521 calculix
521 602 625
520 625
521 625 calculix
505 602
521 557 602
521 625
557 calculix sphinx3
557 623 625
625 lbm
521 605
521 lbm
521 638 sphinx3
mcf sphinx3
505 638 sphinx3
521 calculix
521 557 638
505 623
623 sphinx3
521 620 623
602 625 calculix
520 602 638
557 602
623 638
602 623 625
521 calculix sphinx3
520 625 sphinx3
505 602 sphinx3
520 521 638
520 557 620
620 623 638
557 623
557 623 calculix
623 638 calculix
520 602 sphinx3
557 638 mcf
520 521 557
623 lbm
505 638
520 620 638
521 602 638
520 557 623
602 623 638
623 625 638
557 605
602 620 calculix
520 625 638
505 623 sphinx3
521 602
520 623 calculix
620 623 calculix
557 mcf
602 lbm
602 623 calculix
505 521 557
521 557 625
638 lbm
602 623 sphinx3
557 calculix mcf
625 638 calculix
