505 557 calculix
602 623 calculix
505 557 625
638 mcf sphinx3
521 620 638
623 sphinx3
623 625 mcf
lbm sphinx3
620 625
505 520 521
620 638 calculix
505 sphinx3
521 620 sphinx3
620 623 638
505 602 sphinx3
625 calculix lbm
620 625 mcf
505 521 620
602 620
521 620 623
557 620 638
520 calculix mcf
557 602 625
557 620 623
521 623 sphinx3
557 602 sphinx3
557 638 sphinx3
521 623 625
520 557
602 620 calculix
625 sphinx3
557 623 625
520 638
521 625 638
625 mcf sphinx3
625 mcf
520 521 557
620 mcf sphinx3
620 625 sphinx3
521 638 mcf
620 625 638
520 625
505 557 620
520 638 mcf
623 lbm
521 557 638
557 mcf sphinx3
505 625 calculix
505 520 623
638 lbm
521 602 623
623 625 638
520 521 sphinx3
521 620 625
519 sphinx3
557 lbm
505 623 625
620 mcf
521 623 calculix
620 623 sphinx3
623 calculix mcf
521 620 mcf
520 557 625
519 623
602 625 calculix
520 620 sphinx3
557 602 638
520 557 620
521 602 sphinx3
602 625 mcf
557 602
557 623 638
625 lbm
625 calculix mcf
520 521 620
620 625 calculix
520 638 sphinx3
557 620 625
625 638 mcf
602 638 mcf
620 638 mcf
638 calculix mcf
602 623
520 623 sphinx3
521 calculix mcf
638 calculix lbm
602 lbm
602 625
625 638 lbm
520 521 625
620 calculix mcf
602 sphinx3
557 623 calculix
521 623 638
602 620 mcf
520 620 638
625 638 sphinx3
505 521 sphinx3
505 calculix sphinx3
520 mcf sphinx3
519 625
calculix lbm
505 602 638
520 623 mcf
520 521
557 602 calculix
602 calculix mcf
505 602 calculix
521 557
505 620 calculix
505 521 623
520 620 calculix
521 557 620
505 557
505 557 623
519 602
520 625 sphinx3
557 625
505 520
519 521
520 623
505 557 638
557 638 mcf
623 calculix
505 557 sphinx3
520 521 calculix
623 638 calculix
505 521
505 520 calculix
505 520 602
521 sphinx3
521 calculix sphinx3
623 calculix sphinx3
602 620 625
505 521 625
calculix sphinx3
557 calculix
620 638 sphinx3
505 623 638
623 638 sphinx3
520 602
520 623 625
557 623 sphinx3
505 mcf
557 623
521 625
505 623
520 521 638
505 557 602
557 625 638
557 625 calculix
602 620 638
505 602 625
557 602 mcf
521 557 calculix
520 620 623
521 623 mcf
521 557 sphinx3
521 620
557 602 620
520 638 calculix
520 557 sphinx3
602 638
505 520 sphinx3
620 638
519 638
505 620
557 625 mcf
520 602 620
557 602 623
557 623 mcf
505 625
mcf sphinx3
620 calculix
520 602 mcf
521 638
602 625 638
521 602
505 calculix
620 623 625
505 602 620
505 625 sphinx3
602 623 sphinx3
505 520 638
505 620 sphinx3
620 sphinx3
521 mcf
557 620 sphinx3
520 521 mcf
520 521 623
520 625 mcf
520 mcf
calculix mcf sphinx3
520 602 625
519 calculix
520 521 602
602 calculix sphinx3
505 521 638
521 638 calculix
521 625 sphinx3
620 calculix sphinx3
505 521 calculix
602 623 638
520 602 638
calculix mcf
520 557 mcf
623 mcf
505 520 625
520 620 625
602 620 sphinx3
521 557 623
602 625 sphinx3
602 mcf
505 623 sphinx3
505 620 638
520 557 623
620 lbm
521 602 620
557 calculix sphinx3
623 mcf sphinx3
623 625 sphinx3
520 623 638
521 602 625
519 557
623 625
557 625 sphinx3
505 521 557
520 602 calculix
520 623 calculix
557 620 mcf
620 623
505 638 calculix
520 calculix sphinx3
521 lbm
557 sphinx3
520 557 602
521 620 calculix
521 625 calculix
623 638
520 sphinx3
521 calculix
623 625 calculix
520 620
521 557 625
521 625 mcf
521 mcf sphinx3
520 557 calculix
521 623
557 mcf
602 calculix
521 602 638
557 620 calculix
520 602 623
602 mcf sphinx3
520 625 638
638 mcf
557 620
505 602
602 620 623
625 calculix sphinx3
505 623 calculix
505 625 638
520 625 calculix
505 638
620 623 calculix
557 calculix mcf
520 calculix
505 520 557
602 623 625
602 638 calculix
623 638 mcf
520 557 638
521 557 602
520 602 sphinx3
521 602 calculix
505 620 625
521 638 sphinx3
