520 620
625 sphinx3
602 lbm
602 638 sphinx3
505 calculix
520 602 sphinx3
557 602 calculix
505 623
620 625 calculix
602 calculix
520 620 625
623 638
521 602 623
557 620 625
505 sphinx3
625 638 sphinx3
520 521 calculix
505 625 638
557 623 638
602 625 638
638 mcf
521 638 calculix
505 638 sphinx3
623 638 calculix
505 602
520 623 625
505 557 calculix
625 mcf
521 620 638
520 620 638
521 625 calculix
602 623 625
557 620 623
520 625 sphinx3
623 sphinx3
520 521 638
calculix sphinx3
557 623 sphinx3
557 625 mcf
505 557 625
620 623 625
505 625
557 620 calculix
calculix mcf
557 602 623
620 623 638
557 mcf sphinx3
520 620 calculix
521 557 625
520 638 sphinx3
620 623
521 623 625
602 620 638
520 638 calculix
625 calculix
521 620 sphinx3
557 620 638
505 602 sphinx3
520 557 623
625 mcf sphinx3
521 602 calculix
620 calculix
602 625
521 638
623 625 calculix
505 557
623 625
620 638
602 623
521 602 620
625 calculix mcf
625 638 mcf
505 521 sphinx3
602 623 sphinx3
520 521 sphinx3
521 620 623
623 625 sphinx3
521 557 602
520 623
557 638 mcf
521 602 sphinx3
620 calculix sphinx3
521 623 sphinx3
602 638 calculix
620 638 calculix
557 623 calculix
520 557
625 calculix sphinx3
557 sphinx3
602 625 calculix
521 calculix
520 521 557
620 625 sphinx3
520 602
602 sphinx3
623 625 638
505 521 638
520 521 602
623 lbm
520 625 calculix
520 623 sphinx3
520 557 602
520 602 620
625 638 calculix
521 625 sphinx3
520 623 638
520 602 638
521 calculix sphinx3
602 638
602 623 638
620 623 sphinx3
520 625
557 602
557 625 sphinx3
505 521 625
521 557 sphinx3
557 623 625
521 623 calculix
557 calculix
520 625 638
505 calculix sphinx3
520 620 623
520 602 623
620 638 sphinx3
557 lbm
557 638 calculix
625 lbm
620 623 calculix
505 625 calculix
520 521 623
620 625
505 625 sphinx3
557 602 638
602 620 calculix
505 638
505 521
505 557 sphinx3
521 lbm
521 557 623
520 620 sphinx3
638 calculix mcf
521 620 calculix
521 sphinx3
520 calculix
602 625 sphinx3
557 602 620
557 calculix sphinx3
521 623
505 521 calculix
521 620 625
557 calculix mcf
lbm sphinx3
520 557 620
602 620
602 620 sphinx3
557 638
521 625 638
505 521 557
557 mcf
520 638
557 625 calculix
638 lbm
521 625
505 557 638
520 calculix sphinx3
521 557
623 638 sphinx3
521 638 sphinx3
520 623 calculix
620 625 638
602 623 calculix
520 557 638
521 620
521 602 638
557 625 638
520 557 625
638 calculix sphinx3
557 602 625
521 602
602 620 625
505 623 sphinx3
602 620 623
505 638 calculix
638 sphinx3
623 calculix sphinx3
520 521 620
521 602 625
557 620 sphinx3
mcf sphinx3
521 557 638
557 620
521 557 620
557 638 sphinx3
620 sphinx3
520 557 sphinx3
521 623 638
520 557 calculix
520 521 625
520 602 625
557 625
557 623
623 calculix
602 calculix sphinx3
520 sphinx3
557 602 sphinx3
520 521
520 602 calculix
521 557 calculix
calculix lbm
