****************** 
625 2810056450 1068995006 1758055 2365820 2.628690 
gromacs 8639043533 5195846372 4321321 18409561 1.662683 
lbm 20000183919 28709232580 326452445 621041714 0.696646 
****************** 
625 20000055478 7271750516 10763309 17856885 2.750377 
gromacs 13711244668 7854620142 5155688 29279314 1.745628 
mcf 1995610359 7874326816 132249021 307205949 0.253433 
****************** 
557 5930759351 10056931241 37213333 56826328 0.589719 
620 5593943964 10060234939 48790001 121668166 0.556045 
calculix 20000846269 9728626954 11826504 91249070 2.055876 
****************** 
625 20000084948 7252718649 10381304 17887268 2.757598 
638 13751079794 6818515777 1323077 40540919 2.016726 
calculix 14748877291 7245688981 5270048 43489910 2.035538 
****************** 
505 4654010959 7431132655 54681797 126733579 0.626286 
520 4105134014 7428834392 37731855 90104700 0.552595 
625 20000451308 7356353882 11254651 17817089 2.718800 
****************** 
519 20000076822 26564793957 339963075 553921789 0.752879 
520 10741604485 26546769379 171225572 249579326 0.404629 
****************** 
calculix 20000735333 10165116930 14257497 91394639 1.967585 
lbm 6840640788 9909184595 129642352 206856497 0.690333 
****************** 
620 5320171330 9674442067 51555811 116854946 0.549920 
calculix 20000648522 9571970167 10900427 90770719 2.089502 
hmmer 18244126998 9593116607 10576878 60142192 1.901794 
****************** 
hmmer 20000458673 13910906627 47002557 65281846 1.437754 
lbm 9321797984 13576012585 166466121 284452561 0.686637 
****************** 
625 20000077028 7253260340 10296670 17877506 2.757391 
mcf 1831793318 7323368295 119996626 283871597 0.250130 
****************** 
620 4239545877 7788156286 41994396 93165628 0.544358 
625 20000253847 7716601808 14020570 18470885 2.591847 
hmmer 14969506389 7772293400 7683355 49361450 1.926009 
****************** 
502 17922447249 36365341918 222587750 318044522 0.492844 
620 20000075163 36597716212 187179830 437841608 0.546484 
****************** 
502 15839657755 31616779638 187351490 278145646 0.500989 
505 20000173086 31869885704 248553926 592329645 0.627557 
****************** 
520 20000025109 37002871332 192715505 437533066 0.540499 
mcf 14632718694 37034237046 405961579 1040764731 0.395113 
****************** 
505 20000057002 33628890523 262286255 589521529 0.594728 
557 18988557374 33614863803 126388158 181794039 0.564886 
620 18384980468 33594566942 163779031 396406895 0.547261 
****************** 
502 15725571380 32106935280 198380281 273319915 0.489787 
505 20000097389 32336625135 253014161 593060233 0.618497 
557 19722466627 32325342969 107048926 187625239 0.610124 
****************** 
502 4465175442 9430361354 59060177 90879401 0.473489 
557 5965289478 9553057352 30736505 57326824 0.624438 
calculix 20000818096 9457685284 10087919 90627823 2.114769 
****************** 
502 5067499437 10678524917 66011457 105068746 0.474551 
520 5866792539 10814185746 57371213 129582002 0.542509 
638 20000339385 10055301736 2586277 58891068 1.989034 
****************** 
519 6220399038 8143383532 118159294 177267665 0.763859 
625 20000276026 8056348926 15858794 19384660 2.482548 
****************** 
502 3790707211 7649345981 47290289 75381008 0.495560 
625 20000190687 7707957932 13969426 18445288 2.594746 
hmmer 15195328175 7761825485 6319760 49958627 1.957700 
****************** 
502 4756734104 9864838143 58678178 103454809 0.482191 
hmmer 20000435633 9984746689 6349898 67768690 2.003099 
****************** 
505 6126727930 9829350958 74411132 171813000 0.623310 
620 5401844243 9826013809 49255347 118387232 0.549749 
calculix 20000485798 9722182248 11938517 91262369 2.057201 
****************** 
520 14694137886 30611062265 161361598 326202005 0.480027 
lbm 20000131931 30276296416 472434623 617447360 0.660587 
****************** 
620 5921931874 10646716921 55645936 129826297 0.556221 
638 20000393756 9893015763 1956223 58954180 2.021668 
hmmer 19383246008 10629218783 16033642 63848878 1.823581 
****************** 
519 9212782690 12178013698 171026511 257221743 0.756509 
557 6171058798 12168290048 48099227 59418164 0.507143 
gromacs 20000234577 12153647917 11252147 43207737 1.645616 
****************** 
520 17949378783 31685964937 164261220 389244644 0.566477 
557 20000125669 31702997719 100191429 193622290 0.630859 
****************** 
557 5311252444 10319617437 40757478 50930644 0.514675 
calculix 20000690692 10216528614 13790867 90979195 1.957680 
lbm 6912979324 9995152437 130173964 208553542 0.691633 
****************** 
638 17792429371 8764011611 1695066 52623529 2.030170 
calculix 20000621529 9309541397 8825192 90377275 2.148400 
gromacs 16313168854 9392942116 5926250 30266239 1.736748 
****************** 
557 6098792178 9439385860 28127685 59260567 0.646101 
638 15966130403 8851557576 6044599 46762955 1.803765 
calculix 20000509631 9343508564 9154551 90503085 2.140578 
****************** 
557 7152808542 14029874368 55807141 68762932 0.509827 
hmmer 20000519438 14014632110 47721028 65432677 1.427117 
lbm 9390778914 13710463800 164640108 286436292 0.684935 
****************** 
calculix 20000437159 9295317893 8681049 90756734 2.151668 
mcf 2323669940 9394423047 151458018 361095357 0.247346 
****************** 
620 5647049237 10312782073 57001593 124014475 0.547578 
gromacs 17188458796 10299127362 10353948 36923223 1.668924 
hmmer 19996078525 10299033891 9207487 65706708 1.941549 
****************** 
520 4213211227 7459875117 38202135 92551786 0.564783 
625 20000336406 7389821401 11562956 17862636 2.706471 
638 14004737683 6940357208 1416538 41360359 2.017870 
****************** 
638 20000177600 9939865792 2372509 58878095 2.012117 
gromacs 18456748370 10648243554 6993761 40205564 1.733314 
mcf 2767018373 10667545425 180975985 415592566 0.259387 
****************** 
520 6803905255 11660442871 55991989 147280616 0.583503 
gromacs 20000217779 11643746587 8254859 42983763 1.717679 
****************** 
calculix 20000573812 9253117196 8554007 90766819 2.161496 
hmmer 18845893099 9334251737 4519388 62473148 2.019004 
****************** 
557 6986177947 10599684247 30677540 68232417 0.659093 
638 20000245885 9874055099 1924538 59220440 2.025535 
gromacs 18348728974 10586417465 7257877 34483303 1.733233 
****************** 
calculix 20000796032 10304928469 15293478 91905082 1.940896 
gromacs 17095841426 10392237591 9627027 34939850 1.645059 
lbm 6962115529 10083812531 147179454 210730170 0.690425 
****************** 
520 4219748283 7409430942 37620662 92148591 0.569510 
625 20000299254 7339424651 11210712 17824304 2.725050 
gromacs 12681724671 7397055338 5292167 27158000 1.714429 
****************** 
502 3686721677 7333826849 45164313 71899478 0.502701 
620 4037747892 7460904575 39612622 89115349 0.541187 
625 20000511951 7387587834 11549821 17890550 2.707313 
****************** 
519 8078129722 10534827244 155083344 224676986 0.766802 
calculix 20000799827 10419312296 15405093 91625871 1.919589 
gromacs 16851772145 10510556436 11796107 36603259 1.603319 
****************** 
505 6367439096 9627882081 71352679 179364180 0.661354 
calculix 20000611265 9526250362 10395379 90798492 2.099526 
hmmer 17788043271 9611194248 12008213 58768069 1.850763 
****************** 
502 5033581338 10591558133 64521726 104087934 0.475245 
505 7105295725 10731121575 78375167 197935227 0.662121 
638 20000284074 9965687904 2041180 58998529 2.006915 
****************** 
519 8992713661 11699441797 172362297 250540851 0.768645 
638 20000254858 10886559463 6432923 59101877 1.837151 
gromacs 18735719120 11672961683 13297766 35319117 1.605053 
****************** 
557 4641884564 7431787850 24906589 45181047 0.624599 
620 4089038089 7434712095 38846164 89654153 0.549993 
625 20000591961 7360169546 11393681 17915132 2.717409 
****************** 
638 19081896231 9717253559 2983497 56542945 1.963713 
calculix 20000624562 10363182465 14928740 91192906 1.929969 
lbm 7056215237 10127827884 145004258 215144845 0.696716 
****************** 
519 5986408727 7817491269 113701313 166113256 0.765771 
625 20000368455 7728430802 13378290 18269114 2.587895 
gromacs 12745241510 7793745704 7712130 27263116 1.635317 
****************** 
620 4201846253 7422875618 37442304 91600691 0.566067 
625 20000148662 7352644979 11172802 17840197 2.720130 
gromacs 12739661457 7405077306 5299425 26985663 1.720395 
****************** 
502 5080981820 10459015071 63769949 105154912 0.485799 
638 19921803440 9857501311 2007839 58952875 2.020979 
hmmer 20000370177 10577455460 12494819 65738024 1.890849 
****************** 
505 6632466824 10434664603 77449631 187147070 0.635619 
557 6004941221 10426301729 30264656 58011544 0.575942 
hmmer 20000520481 10413731423 10175510 65910085 1.920591 
****************** 
557 15095011999 28930876727 114945539 146555030 0.521761 
lbm 20000132700 28576051341 330656371 616984697 0.699891 
****************** 
520 5931058423 10653673610 56102469 130357593 0.556715 
638 20000299713 9904188534 1995173 58978512 2.019378 
hmmer 19581562718 10634704393 14963054 69420881 1.841289 
****************** 
505 6108594723 9605131235 71240420 172225452 0.635972 
557 5977015223 9598277829 28641023 57704431 0.622717 
calculix 20000725863 9502790393 10216089 90896659 2.104721 
****************** 
505 4916526326 7474785447 55113662 136365878 0.657748 
625 20000229328 7404520758 10937029 17812829 2.701084 
hmmer 14396342040 7457474759 7039820 47467684 1.930458 
****************** 
625 20000137109 7677194280 12333511 18084093 2.605136 
638 13817417292 7199534542 1505975 40771512 1.919210 
lbm 5191402196 7434131498 102439286 156268241 0.698320 
****************** 
502 4491210988 9652909463 60296358 91486351 0.465270 
520 5214430289 9778597780 51299342 115567909 0.533249 
calculix 20000784240 9677099249 11824957 90528108 2.066816 
****************** 
502 4690832520 10636794098 69024311 102411544 0.441001 
520 5837514153 10774742077 57308097 128590257 0.541778 
hmmer 20000421283 10755765612 14321230 65764611 1.859507 
****************** 
502 19999964870 41715141779 242280505 343463826 0.479441 
mcf 17391689905 42003634773 420542124 1148258453 0.414052 
****************** 
519 20000083826 26865297714 371815986 555905610 0.744458 
620 11063171133 26846482319 167504027 254765451 0.412090 
****************** 
620 6523063775 11364144512 56870876 141366275 0.574004 
638 20000098263 10604783202 4077448 59094954 1.885951 
gromacs 19211976797 11346674846 9402710 37280334 1.693181 
****************** 
502 14859703298 30749080218 188722829 254650058 0.483257 
505 20000185683 30942754656 237388096 592122827 0.646361 
620 15709871723 30912258143 167322869 346653066 0.508208 
****************** 
625 20000101563 7439437781 10443645 17955745 2.688389 
calculix 11243920175 7445614621 4503624 19679586 1.510140 
hmmer 14624289326 7492773420 5068639 48090001 1.951786 
****************** 
502 16026945405 32755381226 204467388 282550712 0.489292 
557 20000077181 33008028231 113964025 194534873 0.605916 
620 17415070399 32982431154 176502391 381472336 0.528011 
****************** 
520 4087466640 7438893999 38871525 89790152 0.549472 
557 4620584201 7434641027 24885772 45180419 0.621494 
625 20000364288 7365164502 11375738 17881810 2.715535 
****************** 
502 3868259234 7826706420 44546514 77001936 0.494238 
625 20000353417 7883632004 10593099 17781391 2.536947 
****************** 
557 5426301808 8343198874 23822818 51885725 0.650386 
625 20000364642 8276528842 13464368 18247114 2.416516 
gromacs 13767617741 8327438719 6495835 27314813 1.653284 
****************** 
519 5788181336 7727953815 109386830 160460024 0.748993 
625 20000474149 7632403062 12337445 17949599 2.620469 
hmmer 10767237505 7710863968 26409092 35043057 1.396372 
****************** 
502 16404412639 31272551898 184119148 287339401 0.524563 
557 20000086267 31522532611 92899570 194811077 0.634470 
****************** 
520 20000078917 36591464223 192256840 437892000 0.546578 
620 19865684442 36591806754 190335625 431540923 0.542900 
****************** 
620 7072435552 12776985144 61308120 152861624 0.553529 
calculix 20000701553 12666390511 11278235 90920690 1.579037 
****************** 
620 11984392863 29730266857 190949262 276264106 0.403104 
lbm 20000158445 29371649388 381591680 616962745 0.680934 
****************** 
gromacs 20000152007 11762391190 6999133 42884973 1.700347 
mcf 2887226478 11784500175 184789155 429485620 0.245002 
****************** 
557 7346034569 11358426875 33124265 71683422 0.646748 
calculix 20000597063 11255162720 9387143 90669958 1.777015 
gromacs 19501870400 11346688890 7426258 41799028 1.718728 
****************** 
557 20000035583 31535034513 99719005 196174583 0.634216 
620 17460326200 31517163433 157971351 377322347 0.553994 
****************** 
638 20000153619 10529665597 2952463 58906391 1.899410 
lbm 7755883214 10989351948 139146312 238815303 0.705763 
****************** 
505 20000076469 32411043684 251468095 591508983 0.617076 
520 17625949234 32374633807 168557786 385876560 0.544437 
557 18725876264 32385584687 117985798 181587109 0.578216 
****************** 
gromacs 17232002283 10223029512 6699406 36764695 1.685606 
hmmer 20000332886 10223585863 8346082 67576169 1.956293 
mcf 2523135777 10243278440 167852825 388122128 0.246321 
****************** 
calculix 20000505810 9511468175 9129455 90722670 2.102778 
gromacs 15283705983 9593698111 5905565 33125215 1.593098 
mcf 2274702800 9613599360 150861944 353187481 0.236613 
****************** 
502 12491784456 28942874332 182247612 219122548 0.431601 
lbm 20000144364 28773259302 336095274 616730899 0.695095 
****************** 
557 20000031773 31481483735 91955817 191411917 0.635295 
mcf 10917926171 31490825958 363844682 967157236 0.346702 
****************** 
505 20000149805 32024787894 249263085 592149390 0.624521 
620 17540061389 31993209780 157683733 380118152 0.548243 
****************** 
505 7664713784 11786022148 85862844 213624414 0.650322 
620 6403026515 11782992811 60974698 140158472 0.543413 
gromacs 20000267403 11765035593 9447293 42836127 1.699975 
****************** 
620 6030353353 10934641135 52873242 130990747 0.551491 
calculix 20000702274 10832215922 10908700 90935617 1.846409 
gromacs 18592454524 10918261436 8296232 39801661 1.702877 
****************** 
520 4034465844 7473646448 40139157 89367624 0.539826 
620 3995798617 7473607298 39845021 88185045 0.534655 
625 20000475461 7398681721 11665395 17821354 2.703249 
****************** 
620 4470759084 7936281646 40555348 97702130 0.563332 
625 20000334384 7864934068 11362450 17790429 2.542975 
638 14834686766 7383867397 1447723 43964114 2.009067 
****************** 
520 5503276791 9754170265 48692266 120059551 0.564197 
calculix 20000561593 9651389109 10534791 90807845 2.072299 
gromacs 16701778898 9737302800 7334037 35876360 1.715237 
****************** 
502 15270738699 32463982436 202986152 267536947 0.470390 
505 20000180890 32199966895 248598922 591491544 0.621124 
520 16986274727 31982061899 168380098 372729561 0.531119 
****************** 
625 20000188476 7529090043 12020542 18076010 2.656389 
lbm 4942468399 7230904191 94806836 148413196 0.683520 
****************** 
502 5472403446 11662771952 71324717 113758114 0.469220 
505 7845237096 11800874859 86122676 218901201 0.664801 
gromacs 20000280339 11780793873 9311897 43165340 1.697702 
****************** 
519 10335422659 13732554013 183760158 287737201 0.752622 
hmmer 20000380503 13709432334 44579533 65402071 1.458877 
****************** 
505 4872871909 7467358314 54255722 134902593 0.652556 
620 3957921237 7464209301 38926515 87640271 0.530253 
625 20000518340 7393946743 11577621 17908801 2.704985 
****************** 
625 20000152396 7282919423 10391333 17732160 2.746172 
638 13880636687 6841266329 1290276 40883352 2.028957 
gromacs 12758574978 7333639930 4588569 23938686 1.739733 
****************** 
502 18283070090 37338334300 229911889 319122561 0.489659 
520 20000073920 37575342029 183465470 434164585 0.532266 
****************** 
502 4555140552 9367443380 57373984 93305632 0.486274 
638 16092937767 8889347396 4532062 47234213 1.810362 
calculix 19829354177 9410446970 10896455 97008966 2.107164 
****************** 
502 5297749271 11623130664 71827758 109097692 0.455794 
505 7803588297 11764116664 84847979 217357907 0.663338 
hmmer 20000379687 11741452219 25186746 66085622 1.703399 
****************** 
520 4717134870 8327255513 42256828 103100364 0.566469 
625 20000169898 8253152679 11355275 17865368 2.423337 
calculix 16804576617 8239690671 8178842 62670204 2.039467 
****************** 
557 4946449851 7876705859 24590466 47602236 0.627985 
625 20000181955 7809080204 10746103 17821569 2.561144 
hmmer 15564445195 7865283777 5982005 51203361 1.978879 
****************** 
625 20000096691 7456386610 11589951 17970371 2.682277 
638 11058650059 7049008696 2171494 32452530 1.568823 
hmmer 14725704705 7508020607 4687657 48398515 1.961330 
****************** 
620 5378756022 9597019716 48032312 117557019 0.560461 
625 18330547279 9528150202 10562107 16225550 1.923831 
calculix 20000496112 9497876517 10487660 90726906 2.105786 
****************** 
502 4952086770 11091566609 71403220 104267447 0.446473 
620 6296660377 11229022992 56779276 137375274 0.560749 
638 20000288354 10480845191 4721618 59276410 1.908271 
****************** 
557 6579997379 10779163695 36951709 63973014 0.610437 
620 5673617935 10783345686 57376820 124817863 0.526146 
hmmer 20000507197 10764798452 14564549 65856608 1.857955 
****************** 
520 5844022963 10176041783 51606723 127622303 0.574292 
638 15984389472 9544069514 7153162 46940707 1.674798 
calculix 20000692724 10073147383 11894053 91234627 1.985546 
****************** 
502 3819283976 7565490826 44875964 75825814 0.504830 
625 20000307016 7622923868 11213106 17784983 2.623705 
638 14459298264 7154067111 1420817 42466147 2.021130 
****************** 
625 20000080911 7752086962 12204090 18057382 2.579961 
gromacs 13158335671 7803770741 4653437 27870745 1.686151 
hmmer 15357828685 7805929630 5320230 50503052 1.967457 
****************** 
505 6668782907 10660895268 79253102 185802532 0.625537 
620 5116387573 10659987163 57365404 112970945 0.479962 
hmmer 20000433277 10641200174 12406332 65672421 1.879528 
****************** 
505 7026769841 10379159332 75704509 196758068 0.677008 
calculix 20001044885 10270094778 10173497 90807359 1.947503 
gromacs 17516979460 10357841977 7686433 38770562 1.691180 
****************** 
520 5597149611 9711193110 47180438 121644416 0.576361 
calculix 20000877304 9604174051 10028031 90696217 2.082519 
****************** 
505 7492521250 11643444390 85482662 209167182 0.643497 
557 7296544150 11635852329 33431047 70996548 0.627074 
gromacs 20000450097 11624473193 7891141 42840377 1.720547 
****************** 
520 6412757963 11186441229 54669847 139025766 0.573262 
638 20000356140 10416549707 1958778 59014496 1.920056 
****************** 
519 20000037857 28204646292 394661546 555209334 0.709104 
mcf 7533180081 28209806002 379466823 899606541 0.267041 
****************** 
505 6644985686 10139977741 75444589 186527175 0.655325 
638 15383853844 9540566653 8248441 44931392 1.612468 
hmmer 20000461963 10123024117 7331647 65301706 1.975740 
****************** 
505 7593353921 11170406516 80490747 211185287 0.679774 
638 20000248707 10390439027 1992118 59019280 1.924870 
****************** 
502 5324086018 11110982970 68286831 109721655 0.479173 
557 7051526895 11243342118 36192678 69274188 0.627174 
638 20000468905 10483417717 2703147 59111952 1.907820 
****************** 
502 4623103959 10101318111 60980766 100797760 0.457673 
505 6326127463 10249358249 72435525 178184489 0.617222 
calculix 20000818667 10142041292 11303996 90561312 1.972070 
****************** 
557 5598913685 10908751430 43420093 53801313 0.513250 
638 20000356501 10118804331 2047130 58960812 1.976553 
lbm 7342461412 10575855128 137692834 225117150 0.694266 
****************** 
505 6903235594 11055219672 81692321 192030573 0.624432 
520 5959181212 11051863136 57938171 131354747 0.539202 
hmmer 20000457468 11031883514 16588115 65791929 1.812969 
****************** 
520 5550321680 10426753693 56899257 122661226 0.532315 
calculix 20000634445 10321796824 10884553 91049713 1.937709 
hmmer 19652651753 10410034267 11717272 65622794 1.887857 
****************** 
519 19999981125 31858407470 384912364 555329721 0.627777 
lbm 17465126535 31503981192 569111441 602680190 0.554378 
****************** 
502 5300878008 11674899115 73464432 109085809 0.454041 
620 6510326971 11818264745 59603248 140890168 0.550870 
gromacs 20000314058 11799024869 9096836 43220863 1.695082 
****************** 
502 3630160386 7338957083 44598928 70784383 0.494643 
505 4827415156 7468876141 51864902 133664953 0.646338 
625 20000626086 7396379203 11591053 17854625 2.704110 
****************** 
505 4885444813 7429100947 54095199 135182612 0.657609 
557 4515897874 7423108703 23472887 43739897 0.608357 
625 20000351855 7357308228 11305935 17813493 2.718433 
****************** 
505 16641645674 29483782904 232387600 484596120 0.564434 
lbm 20000136982 29104504589 360175200 617347675 0.687184 
****************** 
620 8189384007 14209540364 67041062 176367039 0.576330 
638 20000268816 13349340948 7218969 58806938 1.498221 
****************** 
520 4218595555 7452196054 36110832 91981461 0.566088 
625 20000355647 7381065634 11039308 17842045 2.709684 
****************** 
502 16226769535 32986805211 203728604 283051756 0.491917 
520 17902912280 33215603953 178594792 393210119 0.538991 
557 20000115583 33238433960 116744724 195679329 0.601717 
****************** 
gromacs 20000267152 12392559615 12487885 37274472 1.613893 
lbm 8395888115 12065001914 162572634 256208933 0.695888 
****************** 
502 5127519849 11100858891 69619786 106741299 0.461903 
620 5500196168 11240154478 54063279 119231704 0.489335 
hmmer 20000546258 11219446247 18977288 65896560 1.782668 
****************** 
519 7954511871 10636951144 154721682 222199049 0.747819 
calculix 20000584110 10521213424 15222338 91594000 1.900977 
hmmer 14576852549 10618090962 37944787 47864397 1.372832 
****************** 
520 17668700344 33261576541 179803236 388614979 0.531205 
557 20000079766 33280940774 118180433 198429207 0.600947 
620 17598623818 33261942177 178707351 386556367 0.529092 
****************** 
calculix 20000323197 9493783649 7736593 90952600 2.106676 
gromacs 15999268906 9572292653 4615262 36756526 1.671415 
****************** 
620 19999989796 36318150276 182196492 435144263 0.550689 
mcf 12268516260 36357541472 420141933 991322379 0.337441 
****************** 
505 5312994775 7804300801 57060605 149097082 0.680778 
625 20000316086 7732598409 11366722 17814478 2.586494 
gromacs 13242158113 7784509221 5672986 28187929 1.701091 
****************** 
505 7057080888 11205445375 81611025 197044155 0.629790 
557 6709438552 11200167800 35679014 64597526 0.599048 
638 20000243172 10476018513 4519294 58683549 1.909145 
****************** 
502 4655278876 10134429597 62795245 101187442 0.459353 
557 6377597519 10271173313 33392769 61691767 0.620922 
hmmer 20000414900 10257101644 8776246 65897034 1.949909 
****************** 
638 17468332031 9417327443 4883309 50709606 1.854914 
gromacs 13729890602 10033499839 5327259 24733857 1.368405 
hmmer 20000373406 10034655529 5305613 65883560 1.993130 
****************** 
519 6122455512 8129636663 112683877 171011230 0.753103 
557 4149667608 8123727990 31882610 39884712 0.510808 
625 20000234258 8033879713 15564774 19243665 2.489486 
****************** 
519 10283709901 13958219319 196026969 286007222 0.736749 
557 6913374969 13945863950 54677757 67281275 0.495729 
hmmer 20000663988 13932208725 44257718 65549647 1.435570 
****************** 
520 5746826402 10479609888 56117842 126900272 0.548382 
gromacs 17921029819 10465227204 7685593 38711861 1.712436 
hmmer 20000443434 10463879618 11064470 66589413 1.911379 
****************** 
638 20000129198 10541832782 1956062 58867875 1.897216 
mcf 2859087864 11303283112 183620593 427349536 0.252943 
****************** 
638 20000172802 10082514045 2039035 58614716 1.983649 
calculix 16233426864 10721077178 7157828 57797377 1.514160 
mcf 2655011201 10818431236 174500120 403166132 0.245416 
****************** 
519 5890238233 7704616687 116194919 163513216 0.764508 
625 20000256892 7615756731 12377218 18026621 2.626168 
638 13990281543 7144653080 2202015 41220999 1.958147 
****************** 
505 7134494928 10758137227 77497220 198395561 0.663172 
520 5660222161 10756530887 57580232 125338056 0.526213 
638 20000304249 9988829872 2101199 58938721 2.002267 
****************** 
519 20000096860 26619641280 385962349 573757842 0.751329 
557 13919726317 26607356101 100437346 135860441 0.523153 
****************** 
519 9256063085 12050967966 162896108 258521213 0.768076 
gromacs 20000291574 12027866274 10536063 43176077 1.662830 
****************** 
505 5859627421 8653629445 63905106 165562529 0.677129 
625 20000295492 8580679233 11534213 17905763 2.330852 
638 16165945998 8045553010 1651393 47814718 2.009302 
****************** 
502 4454415433 9107979006 54442371 90535139 0.489067 
625 20000354137 9164478881 13075419 18291244 2.182378 
gromacs 15060457188 9218100216 8029828 30648420 1.633792 
****************** 
625 20000166761 7295345299 10054818 17791069 2.741497 
638 13819642201 6858470461 1301632 40870100 2.014974 
****************** 
502 3912618577 7973913290 48568944 78656121 0.490677 
557 5077728399 8096952645 26229845 49222289 0.627116 
625 20000427889 8026519738 11312446 17863232 2.491793 
****************** 
520 5674511247 10610509299 49840262 123373725 0.534801 
hmmer 20000463371 10590754164 12507595 65700786 1.888483 
****************** 
502 11224778743 25869863316 161630034 195629984 0.433894 
519 20000162980 26059164388 296903871 552959716 0.767491 
****************** 
520 5796033541 10715911407 57805127 127781287 0.540881 
620 5766253504 10715076533 57351173 127021566 0.538144 
638 20000383443 9946723751 1975965 59084366 2.010751 
****************** 
519 8645492384 11495728983 170034430 241269719 0.752061 
638 20000454908 10673521692 4825347 58947535 1.873838 
hmmer 16268780757 11473389506 38942979 53270876 1.417958 
****************** 
gromacs 17902521238 10304910308 5036225 40284126 1.737281 
hmmer 20000357751 10303282901 4587917 66566653 1.941164 
****************** 
505 7321284471 11834620498 86697040 202506430 0.618633 
520 6322735634 11830600650 57011751 137484348 0.534439 
gromacs 20000603826 11809528502 9121811 43124884 1.693599 
****************** 
625 20000178135 7648304616 10175892 17858003 2.614982 
gromacs 13096067472 7698970836 4626860 27592704 1.701015 
****************** 
519 8148079000 10653092202 145126549 226033392 0.764856 
calculix 20001027270 10535594106 15235493 91815992 1.898424 
****************** 
620 5446322014 9731053325 49422496 119731821 0.559685 
638 17557851874 9052720486 1729437 51762946 1.939511 
calculix 20000816789 9628528036 10592739 90663279 2.077246 
****************** 
519 8491632563 11091863141 155663505 236004034 0.765573 
638 20000443636 10288621295 3516449 59171417 1.943938 
****************** 
638 16469305837 9330536334 2381111 48434736 1.765097 
calculix 15560128548 9890482497 6153815 51308638 1.573243 
hmmer 20000386017 9965944925 5765970 65667193 2.006873 
****************** 
620 6924209795 11928956731 56961388 149425869 0.580454 
gromacs 20000269835 11912040708 8105602 42908927 1.678996 
****************** 
505 20000121673 32328150827 250352558 592323345 0.618660 
520 16591755373 32303382745 173796207 366249375 0.513623 
620 16545124508 32303255136 172829675 364168972 0.512181 
****************** 
505 19613275419 31158230286 241027668 575242171 0.629473 
557 20000122290 31154638642 83933337 195317396 0.641963 
****************** 
505 8211865268 12388986983 90330151 227977291 0.662836 
gromacs 19988963665 12367857829 11230137 44549336 1.616203 
****************** 
505 6752305012 10216827928 74904382 188591399 0.660900 
hmmer 20000352165 10198580830 6048958 66277537 1.961092 
****************** 
502 5511548488 11817650806 73478169 114980863 0.466383 
520 6280796296 11953209400 60864387 137675832 0.525449 
gromacs 19970039280 11934749122 9283694 42988848 1.673268 
****************** 
520 6575918135 11688543816 60924044 143798273 0.562595 
557 6682470310 11681974662 35830022 65492656 0.572033 
gromacs 20000320212 11671465869 8879712 42960939 1.713608 
****************** 
calculix 18319032391 10125470211 8047944 75516041 1.809203 
gromacs 14002729786 10203351945 5388489 34021550 1.372366 
hmmer 20000327264 10205862911 6403938 66464574 1.959690 
****************** 
502 17617669567 37566253104 238020099 311695552 0.468976 
520 20000039368 37806800750 203581356 442429598 0.529006 
620 19833691493 37805011909 202047568 438007395 0.524631 
****************** 
625 20000159178 8216632434 16915668 19550456 2.434107 
hmmer 14923084778 8272933490 7023046 48829053 1.803844 
mcf 1960402422 8291429100 130046012 304187762 0.236437 
****************** 
505 7127504551 10759735943 77388163 198543769 0.662424 
620 5661962818 10757069544 57475568 125195534 0.526348 
638 20000564086 9983463356 2101671 59147157 2.003369 
****************** 
557 6494571738 9979376279 28680114 63127820 0.650799 
gromacs 16983144241 9966590793 7436514 36329948 1.704007 
hmmer 20000493258 9966623674 5703685 65775347 2.006747 
****************** 
638 17219913807 9003908072 1636778 50709460 1.912493 
calculix 20000697029 9550469242 8324848 90390426 2.094211 
****************** 
502 4674226170 10006201949 60644520 101521549 0.467133 
gromacs 15332798395 10126375470 7745492 32735174 1.514145 
hmmer 20000402350 10128644568 7382683 65767487 1.974638 
****************** 
505 6167742555 9959580041 75293712 174472849 0.619277 
520 5418857551 9957318843 49392128 119055039 0.544208 
calculix 20000755090 9851103103 12466304 91510917 2.030306 
****************** 
638 18963359305 9752169052 3739535 55800870 1.944527 
hmmer 20000426636 10403551351 9814034 65669175 1.922461 
mcf 2641910638 10424879671 175261738 401400967 0.253424 
****************** 
502 5710741367 11502551016 65689195 118002158 0.496476 
gromacs 20000309468 11622709116 7743747 42960018 1.720796 
****************** 
502 4720064774 9784870036 56745078 102726889 0.482384 
calculix 20000605313 9819165636 9589133 90890961 2.036895 
****************** 
557 7439883139 11866994723 39185050 73315429 0.626939 
620 6610993074 11870590183 61647160 143958237 0.556922 
gromacs 20000438638 11851950298 8956599 43238944 1.687523 
****************** 
gromacs 20000159325 12146189100 11050950 38487617 1.646620 
hmmer 18233096309 12147480502 35367782 60559559 1.500978 
lbm 7881566314 11796428462 177398903 239519003 0.668132 
****************** 
557 6503423546 10661391509 35195085 63864472 0.609998 
620 5915288226 10663349325 56011246 129265857 0.554731 
638 20000303837 9916838593 1935868 59161738 2.016802 
****************** 
hmmer 20000292412 9995343140 5970934 65513925 2.000961 
mcf 2181425274 10016778351 141813310 337495493 0.217777 
****************** 
520 4676935464 8917716246 48184550 103020405 0.524454 
625 20000440690 8845742071 15086606 18657014 2.261025 
hmmer 17318728427 8901379177 7659597 56990366 1.945623 
****************** 
625 20000551640 8372802431 16205185 19694541 2.388752 
hmmer 13284720954 8444092175 29904322 43641015 1.573256 
lbm 5464777144 8095051061 107480363 164123613 0.675076 
****************** 
502 5103660536 10516002829 60693239 105744034 0.485323 
638 20000205749 9911119744 1942198 59032130 2.017956 
gromacs 18253950955 10636056009 7557564 39494794 1.716233 
****************** 
520 6447052409 11859645486 63349202 141949829 0.543613 
620 6424694168 11859108511 63222284 141527018 0.541752 
gromacs 20000383687 11842493892 9613582 43011021 1.688866 
****************** 
502 3663940706 7326576208 44810715 71567817 0.500089 
520 4016606269 7454602828 39560315 88689899 0.538809 
625 20000482878 7380501119 11556274 17828857 2.709909 
****************** 
520 5384227657 9741457069 50086258 118139924 0.552713 
557 5471635671 9735388734 30043808 53584631 0.562036 
calculix 20000751614 9639798194 11682415 90898379 2.074810 
****************** 
505 8439915259 12790607176 92563768 237174490 0.659853 
calculix 19990120329 12674682185 9236651 90684166 1.577169 
****************** 
502 5105177419 10664813758 58276697 105700643 0.478694 
638 20000196415 10070126314 2727513 59114875 1.986092 
****************** 
557 5595319844 8626530224 24730797 54158397 0.648618 
625 20000196783 8556222530 10853669 17873480 2.337503 
calculix 16222919184 8544385923 6946967 58139659 1.898664 
****************** 
625 20000257288 7531012051 10642299 17916858 2.655720 
calculix 13883738234 7524651247 4988011 35640556 1.845101 
mcf 1868438502 7605189859 124598154 289043837 0.245679 
****************** 
638 19761520516 11335395058 8783601 57953732 1.743346 
gromacs 20000229878 12130208978 10885157 38592508 1.648795 
lbm 8297354311 11814399115 163572332 254719840 0.702309 
****************** 
502 3852029976 7833862492 46151098 77161171 0.491715 
625 20000350272 7888742406 11505364 18077799 2.535303 
calculix 15838374485 7877527657 7203434 54244375 2.010577 
****************** 
625 20000153509 8156486034 10102385 17870140 2.452055 
calculix 15185731314 8144414806 5761151 48195019 1.864558 
gromacs 13438055626 8207843216 4783911 26564052 1.637221 
****************** 
502 4315785219 9803474200 63322130 88580828 0.440230 
620 5472691750 9934841105 49041323 119358426 0.550859 
calculix 20000769905 9829200665 11277790 91217351 2.034832 
****************** 
620 5469932207 10139837766 52534320 119551864 0.539450 
hmmer 20000388083 10122399157 7360327 66190014 1.975855 
****************** 
calculix 20000332334 10689844500 10566146 91330935 1.870966 
hmmer 19553520676 10773035932 10002718 64196337 1.815043 
mcf 2243093389 10794933027 149181039 347062630 0.207791 
****************** 
505 20000119064 30760505843 235310826 592241143 0.650188 
520 16135251682 30737246078 158558350 354072053 0.524941 
****************** 
520 6042059849 10637431900 53898892 132156013 0.568000 
638 20000249982 9893737125 1937436 59239598 2.021506 
gromacs 18248288030 10619161529 7817636 33763769 1.718430 
****************** 
625 20000288291 8055122655 13540278 18607920 2.482928 
calculix 15017885726 8051799578 9077713 46883332 1.865159 
lbm 5350130421 7776657488 108158515 159980344 0.687973 
****************** 
620 4463226757 7825283961 37997472 96847504 0.570360 
625 20000368931 7752956782 11090218 17778989 2.579709 
****************** 
557 6214274374 12115710855 47831336 59321549 0.512910 
gromacs 20000252130 12102012202 10328501 33440595 1.652639 
lbm 8111831937 11738713454 146644081 246426762 0.691032 
****************** 
638 20000315906 11017531734 6482012 58815186 1.815317 
hmmer 16512879533 11811617630 41976547 53722368 1.398020 
lbm 7917820861 11493799705 150573098 243627714 0.688878 
****************** 
520 5903275779 10665226409 56081328 130030382 0.553507 
557 6598315037 10661059958 35904006 65175209 0.618917 
638 20000366122 9913359094 1945625 58899596 2.017517 
****************** 
557 6371171944 9992618333 29461230 62043399 0.637588 
638 14880005654 9387457760 5028897 43726378 1.585094 
hmmer 20000405175 9979293177 5715532 65851526 2.004191 
****************** 
625 19999905597 7451158444 10925771 17917143 2.684134 
638 13120184059 7016079809 1452194 38859259 1.870016 
mcf 1866570382 7525352051 124635068 288901550 0.248038 
****************** 
502 4736264699 10015845965 59210213 103206020 0.472877 
calculix 20000711437 10052530541 10013661 90747372 1.989620 
gromacs 17321199552 10138230853 7078212 37201513 1.708503 
****************** 
625 20000238584 7524715214 9989133 17801333 2.657940 
hmmer 15000206118 7577798236 4515082 49316532 1.979494 
****************** 
519 7942487285 10384950004 158691228 220919758 0.764807 
638 18557471392 9621556281 2313138 54786406 1.928739 
calculix 20000525317 10275509225 14862393 90970818 1.946427 
****************** 
520 6508804916 12141781297 65686389 143765396 0.536067 
620 6440769722 12143986723 65044894 141660146 0.530367 
hmmer 20000590334 12126148147 29049977 65853035 1.649377 
****************** 
520 6176582481 11223995349 59805612 135959630 0.550302 
557 6828416066 11218465512 38344558 67093237 0.608676 
hmmer 20000488058 11205529862 19252352 66301100 1.784877 
****************** 
519 5961738738 7797380613 114074277 165445247 0.764582 
625 20000170029 7710106402 12941288 18232699 2.594020 
calculix 14479596256 7708616370 8891713 41788455 1.878365 
****************** 
505 5476684682 8180762979 59739845 154311600 0.669459 
625 20000338717 8107808867 11016845 17793716 2.466799 
****************** 
calculix 20000597609 10385537961 14017110 91198316 1.925812 
hmmer 15216944234 10474472014 31989590 51280851 1.452765 
lbm 6740540710 10138520230 155797061 204046678 0.664845 
****************** 
519 9194373498 12140131201 172089468 255042512 0.757354 
gromacs 20000245718 12113961380 10753084 43094994 1.651008 
hmmer 16894750345 12121889693 42722210 55064078 1.393739 
****************** 
519 7782879665 10353130129 150672676 215824443 0.751742 
557 5257051421 10343610955 40373587 50595877 0.508241 
calculix 20001103436 10240696137 13846633 91059065 1.953100 
****************** 
557 5994896039 9215250583 26971404 58461570 0.650541 
625 20000308759 9143769009 11053749 17804062 2.187316 
638 17357281841 8581525647 1697013 51369142 2.022634 
****************** 
505 20000030709 31578426940 241022524 592408955 0.633345 
mcf 10824904567 31585090030 383107687 968629426 0.342722 
****************** 
502 4409754156 9880373003 58683721 89702101 0.446315 
calculix 20000656159 9908087606 10318720 90712975 2.018619 
hmmer 19356789723 9991944563 8398939 63548449 1.937240 
****************** 
502 5702455114 11999889440 72929681 117969818 0.475209 
557 7431854457 12141796875 36742222 71533674 0.612089 
gromacs 20000200552 12128164892 10861241 42696300 1.649071 
****************** 
557 6247913031 10042012464 29843708 60505661 0.622177 
calculix 17899346188 9952184091 7563420 71538299 1.798534 
hmmer 20000560096 10031600154 6118369 65706283 1.993756 
****************** 
505 7244139940 10668639173 77108338 201037391 0.679013 
638 20000210627 9917820173 1929240 59223889 2.016593 
gromacs 16869953045 10646044554 7666559 31342474 1.584622 
****************** 
505 6076578889 10285947468 68920093 170782787 0.590765 
gromacs 16677709562 10264572560 8370952 36130245 1.624784 
hmmer 20000500791 10266548828 8622150 66170022 1.948123 
****************** 
557 3964408030 7724052379 29942340 38239646 0.513255 
625 20000206180 7638031974 11822222 17922007 2.618503 
lbm 5052041020 7388879937 91795678 150958586 0.683736 
****************** 
505 14865284668 26352166773 204483978 423403063 0.564101 
519 20000163175 26350971057 323261055 553450870 0.758992 
****************** 
505 6585444507 9736510686 71191063 184941139 0.676366 
638 17607464465 9048073625 1773826 52124657 1.945990 
calculix 20000635869 9595734041 11001174 90821888 2.084326 
****************** 
520 5431429512 10051729663 53798695 119631640 0.540348 
620 5352817642 10051694778 52957197 118171537 0.532529 
calculix 20000596236 9945785028 13441293 91409674 2.010962 
****************** 
519 8090039514 10875573563 168805009 227977294 0.743872 
557 5837674938 10868059150 39867986 57479267 0.537141 
638 20000597437 10072986145 2264111 59026818 1.985568 
****************** 
505 5321878120 7858236488 57228317 148855978 0.677236 
625 20000218208 7786170759 11388980 17891091 2.568685 
calculix 15850577884 7771868307 7559120 54559120 2.039481 
****************** 
502 20000090941 35660384086 195638610 342167543 0.560849 
****************** 
505 20000042655 30375025815 235533195 589003838 0.658437 
****************** 
519 20000086556 25768124357 311790417 558105345 0.776156 
****************** 
520 20000065786 33985799236 160007269 432547686 0.588483 
****************** 
521 20000180360 20285575117 67859407 138999200 0.985931 
****************** 
523 20000133873 14143775886 662353 601260456 1.414059 
****************** 
527 20000182397 14031309081 40137567 173309696 1.425397 
****************** 
544 20000110294 17918694848 8762744 18429975 1.116159 
****************** 
548 20000249886 8498144526 6026 112843 2.353484 
****************** 
549 20000020067 40801149534 480676518 588412080 0.490183 
****************** 
557 20000084726 27983846643 63004506 192501970 0.714701 
****************** 
602 20000030076 88065159391 353608332 554527221 0.227105 
****************** 
605 20000141919 36161093421 340718234 1123429216 0.553085 
****************** 
607 20000085068 21087006089 89421975 257225258 0.948455 
****************** 
619 20000088490 30256468995 667042321 774297660 0.661019 
****************** 
620 20000067688 34168908949 163173317 429412336 0.585329 
****************** 
623 20000159659 40728935493 168693844 669927808 0.491055 
****************** 
625 20000107818 7214102339 9837911 18056041 2.772363 
****************** 
627 9999786255 6755085995 27942257 112367823 1.480334 
****************** 
638 19999972350 9864281759 1853940 59221480 2.027514 
****************** 
649 20000120879 42156037561 556709962 657177815 0.474431 
****************** 
calculix 20000465231 9454990516 8455779 102103395 2.115334 
****************** 
gromacs 20000217433 11456964207 5291976 64999412 1.745682 
****************** 
hmmer 20000288494 9853040102 4194815 76536337 2.029860 
****************** 
lbm 20000097659 29267878529 467291304 637236330 0.683346 
****************** 
libquantum 20000130636 27558412009 534446043 634519321 0.725736 
****************** 
mcf 20000021410 48542104741 433120034 1378223255 0.412014 
****************** 
omnetpp 20000440954 12724775193 3103897 482934062 1.571772 
****************** 
soplex 20000041173 56976740784 561771338 620685480 0.351021 
****************** 
sphinx3 20000221340 25161753655 98868452 246264737 0.794866 
****************** 
557 6388811469 9927507805 27680803 62002403 0.643546 
calculix 20000546801 9596300342 9711830 91495786 2.084194 
****************** 
625 20000106916 7407450729 10105125 18288139 2.699999 
calculix 16134950426 8020274343 6565717 58361271 2.011770 
****************** 
557 7113194504 10975868383 30693244 69816304 0.648076 
638 20000245040 10203086419 2559832 55591551 1.960215 
****************** 
620 4626223508 13192393972 73281378 108680871 0.350674 
gromacs 20000186988 13041258910 11113310 38796669 1.533609 
lbm 7635257579 12792001080 162182451 232528271 0.596877 
****************** 
gromacs 20000166043 12476756585 12054430 43549032 1.602994 
libquantum 8788201241 12446546407 213945765 249864334 0.706075 
****************** 
520 14036839725 31295291098 176759146 317370350 0.448529 
557 16132716861 31311514363 115053544 159415350 0.515233 
lbm 19998279311 30994684986 496183516 617729412 0.645216 
****************** 
625 20000057234 8191961544 15970569 19456904 2.441425 
libquantum 6374875470 8999861145 148723695 172084398 0.708330 
****************** 
557 6207468456 10300873872 35643621 58521362 0.602616 
hmmer 20000333979 10200058293 8141901 65897499 1.960806 
mcf 2614671809 10309580610 171375612 398709239 0.253616 
****************** 
519 5466287420 8137239862 119880145 152353216 0.671762 
520 3318968414 8133867410 41115151 75793442 0.408043 
625 20000596150 8003484913 13906934 18564906 2.498986 
****************** 
519 7332435621 11115752915 168616407 204292476 0.659644 
520 4613146736 11107877783 53468069 104525410 0.415304 
calculix 20000996245 10773808127 14552427 91102105 1.856446 
****************** 
calculix 20000537241 9936262792 11708447 90872668 2.012883 
libquantum 6853577484 9981316648 178238479 189589361 0.686641 
****************** 
557 4490283998 7454424351 25779722 42518862 0.602365 
625 20000320181 7373744395 10885845 18030274 2.712370 
mcf 1849507103 7452288229 122426385 286840572 0.248180 
****************** 
520 17990089382 33512162476 152575645 389703382 0.536823 
libquantum 20000161728 33480486422 632070874 634496773 0.597368 
****************** 
620 5114019012 10895587097 57813300 114431795 0.469366 
638 20000418875 10074888673 2191401 58969616 1.985175 
lbm 6985401568 10568147695 174709769 213712917 0.660986 
****************** 
519 7403650670 10947877470 172159003 206866313 0.676264 
620 4744828450 10943705419 54421291 107058363 0.433567 
638 20000702568 10114655781 2123246 58974738 1.977398 
****************** 
hmmer 20000300333 10677066125 11317248 66152978 1.873202 
libquantum 7572101755 10645420293 189989526 216092335 0.711301 
****************** 
502 4132017975 10148164101 64555890 84617487 0.407169 
519 7755970825 10285583905 132938472 214447616 0.754062 
calculix 20000827473 10173625455 13632106 91047483 1.965949 
****************** 
502 13267622229 31702970041 183148775 231517270 0.418498 
620 14170024721 31866821574 164210437 314440771 0.444664 
lbm 20000202018 31562849112 542048229 617807785 0.633663 
****************** 
502 4730578303 12101487730 77996244 104481337 0.390909 
519 9306587160 12251856895 151004541 257364251 0.759606 
gromacs 20000262282 12227860768 12183408 43192072 1.635631 
****************** 
620 3252815736 8416017371 50228926 75768522 0.386503 
625 20000669180 8302978781 15872025 19471813 2.408855 
lbm 5223429397 8086765466 104306840 156448852 0.645923 
****************** 
557 6389006511 9718725276 26231596 61922497 0.657391 
hmmer 19914360565 9713243223 3964147 66441634 2.050228 
****************** 
520 5119774112 10937115418 58204643 114983935 0.468110 
638 20000240263 10113648106 2250601 59188765 1.977550 
lbm 7010637646 10607425366 175689833 214024637 0.660918 
****************** 
620 17846672382 34403865827 161284588 387710068 0.518740 
libquantum 20000138136 34373872082 620447757 634418586 0.581841 
****************** 
520 5535950287 12696713128 62403448 124464083 0.436014 
gromacs 20000197840 12678558548 12024585 38818071 1.577482 
lbm 7609292176 12374533288 190272830 231223473 0.614915 
****************** 
502 3596081132 8257426656 51931724 71027938 0.435497 
519 6409891406 8395047838 99791680 177221405 0.763532 
625 20000484219 8310223783 17940352 20204426 2.406732 
****************** 
502 4306763504 10668602062 69246435 89369634 0.403686 
519 8185645707 10805789954 139865094 226336594 0.757524 
638 20000415381 10008309971 2064792 59212924 1.998381 
****************** 
520 5859141313 13990824659 64848861 132002293 0.418785 
hmmer 20000352407 13968948001 36408612 66016887 1.431772 
lbm 7941591922 13664044088 213652251 245179361 0.581204 
****************** 
620 4532112719 10941581539 56904073 102912192 0.414210 
calculix 20000499765 10826791952 14706345 91199931 1.847315 
lbm 6538941698 10611677282 157070416 197179536 0.616202 
****************** 
502 11922353220 28375067067 164311916 205897310 0.420170 
519 20000083960 28572807828 472517954 553718812 0.699969 
520 13077812566 28545032854 149004582 291970762 0.458147 
****************** 
638 20000068685 13366624832 16976712 56162441 1.496269 
libquantum 10109708236 14085287877 255942497 300082280 0.717749 
****************** 
502 13464564046 28585000824 169092799 234152842 0.471036 
libquantum 20000202374 28709310183 561210977 634486821 0.696645 
****************** 
519 8702670816 13712107929 216431153 250207500 0.634671 
620 5619668618 13706112505 62940387 125752155 0.410012 
hmmer 19996982816 13680846093 32350325 65996886 1.461677 
****************** 
557 15040771363 30309661539 121280262 146775362 0.496237 
620 12116460284 30292518819 196275287 281402242 0.399982 
lbm 20000182617 29975720798 373679189 617077748 0.667213 
****************** 
520 3543913507 8018783954 39609061 79762186 0.441951 
625 20000309123 7896517872 12443770 18096110 2.532801 
lbm 4763839453 7687129675 116937667 142117550 0.619716 
****************** 
519 5377992977 7963887126 122415198 149746439 0.675297 
620 3397031046 7961408896 39353063 76480569 0.426687 
625 20000556082 7830937641 12560112 18102008 2.554044 
****************** 
557 16968679056 29642641554 94986311 159782397 0.572442 
libquantum 20000162332 29600685337 543077019 634469390 0.675666 
****************** 
620 5670793924 13517682130 60909776 126591788 0.419509 
hmmer 20000413984 13494267419 30994803 65977417 1.482142 
lbm 7577766821 13185371610 206892560 236281835 0.574710 
****************** 
502 5488875735 13875643543 88399407 115652231 0.395576 
519 10472253391 14023192649 169021429 289650472 0.746781 
hmmer 20000434691 14001647591 46372420 65187053 1.428434 
****************** 
520 13862117456 35095154899 163643610 311097151 0.394987 
620 13721125494 35092231132 162398178 307049562 0.391002 
lbm 20000131227 34787830723 563810524 618195529 0.574917 
****************** 
557 5860997142 9678454844 32974102 55370514 0.605572 
calculix 20000548644 9580823925 9614120 90979570 2.087560 
mcf 2416634326 9685718511 158833812 375684531 0.249505 
****************** 
519 8588087566 12669673220 196358313 240977928 0.677846 
520 5529664632 12663852966 62608996 124562014 0.436649 
gromacs 20000278593 12640839112 11831373 43207519 1.582195 
****************** 
557 6859927208 10632316959 32880366 67512725 0.645196 
638 20000293464 9898508971 1955634 59032267 2.020536 
mcf 2656413249 10638784935 179561086 403165505 0.249691 
****************** 
519 9309357615 14690034964 226614372 261040003 0.633719 
520 5996058118 14681094301 68337798 134938400 0.408420 
hmmer 20000539325 14658423801 41061375 66111460 1.364440 
****************** 
519 7443665473 10983872042 172994815 208343759 0.677690 
520 4723846958 10978703163 54237377 106577076 0.430274 
638 20000528648 10152084053 2257327 58874162 1.970091 
****************** 
502 12707692255 30901187113 189259275 224249742 0.411236 
520 13376917130 31073197515 183743501 305500438 0.430497 
lbm 20000157105 30768339831 428929239 617390175 0.650024 
****************** 
519 7398840886 10962353839 171748066 207773998 0.674932 
620 4602507160 10956351726 54340480 104094887 0.420077 
calculix 20000604587 10841057822 14830637 91301616 1.844894 
****************** 
502 11349883147 26540745526 165640494 198799201 0.427640 
519 20000095116 26733185395 308964025 553090524 0.748137 
557 13354492044 26720020324 107409272 128859471 0.499793 
****************** 
519 8674071204 12683536074 197600036 244036193 0.683884 
620 5474614867 12674844888 63775520 123352401 0.431928 
gromacs 20000209603 12653263207 12207589 43358852 1.580636 
****************** 
520 4779871643 10984163017 53518779 107269254 0.435160 
calculix 20000510329 10869382074 14610811 91077925 1.840078 
lbm 6500243109 10653149752 164898587 197564416 0.610171 
****************** 
557 7090248451 11585027287 38224305 67286056 0.612018 
gromacs 20000212937 11571450158 8274112 43188432 1.728410 
mcf 3032791308 11593635655 202203918 449452003 0.261591 
