625 calculix lbm
521 605
505 620 625
505 625
605 625
519 557 sphinx3
505 638 calculix
620 lbm
602 620 625
520 557 calculix
519 calculix
557 623 sphinx3
505 521 625
520 620 calculix
521 602 620
520 521 mcf
505 602 sphinx3
519 638 calculix
521 557 638
519 557 602
505 520 557
557 620 sphinx3
620 625 638
520 602 620
521 620
625 638 mcf
605 638
520 521 557
520 638 sphinx3
505 520 638
505 521
521 605 sphinx3
519 521 calculix
calculix lbm sphinx3
520 623 625
521 602 638
623 lbm
520 521
602 623 calculix
638 calculix lbm
623 638 sphinx3
505 sphinx3
505 557
505 557 625
557 620
520 mcf
521 623 calculix
519 602 calculix
521 602 625
623 calculix
520 521 625
519 625 sphinx3
505 623 calculix
620 638 mcf
602 620 calculix
521 623 sphinx3
557 605 625
602 calculix mcf
557 623 calculix
521 lbm
557 623
557 602
623 mcf sphinx3
505 602 calculix
519 calculix sphinx3
519 602 623
602 calculix sphinx3
521 623 625
602 623 638
623 sphinx3
557 602 sphinx3
521 lbm sphinx3
638 lbm
521 557 lbm
521 638 lbm
623 625
520 521 605
521 620 calculix
625 mcf
557 mcf sphinx3
521 620 623
520 638 calculix
520 521 sphinx3
calculix mcf
505 602 625
623 625 sphinx3
623 calculix sphinx3
521 557 sphinx3
521 602 calculix
602 605 sphinx3
602 calculix lbm
505 557 calculix
520 623 calculix
605 620
505 623 sphinx3
520 620 625
605 620 calculix
557 mcf
557 620 638
557 623 638
505 557 638
505 520 calculix
520 557 638
520 calculix mcf
519 602 638
520 calculix sphinx3
623 638 mcf
505 625 sphinx3
605 623 625
519 521
505 521 calculix
623 625 mcf
521 mcf sphinx3
520 620 638
602 638 lbm
605 638 calculix
557 calculix lbm
521 605 638
521 557 620
520 605 sphinx3
520 557 620
605 638 sphinx3
605 623 638
620 sphinx3
638 mcf
519 557 623
625 lbm sphinx3
520 638 mcf
620 calculix mcf
505 520
620 625 mcf
505 521 sphinx3
520 557 602
620 623 625
505 623 625
557 623 625
605 625 calculix
625 mcf sphinx3
557 638 mcf
521 620 mcf
520 557 625
520 602 625
519 625
521 557
557 602 605
620 623 638
638 lbm sphinx3
505 602
519 521 638
620 625 sphinx3
557 638 lbm
520 620
557 602 lbm
602 605 calculix
623 mcf
519 521 625
605 calculix
520 602
521 557 625
505 625 638
505 620 638
505 623 638
602 625 mcf
638 calculix mcf
519 638 sphinx3
521 605 625
519 602
mcf sphinx3
620 mcf sphinx3
519 521 602
605 620 638
519 623 638
557 lbm
519 602 625
521 605 620
625 lbm
521 602
505 557 sphinx3
520 625 mcf
605 620 sphinx3
521 625 mcf
521 638 mcf
521 calculix lbm
521 557 602
520 625 638
519 521 sphinx3
520 521 638
520 620 sphinx3
557 605
605 620 625
602 605 638
620 623 sphinx3
505 521 620
505 638
520 623
557 602 625
602 605
602 623 625
519 557 638
520 625 sphinx3
602 623 sphinx3
520 521 602
505 520 sphinx3
521 620 638
521 calculix mcf
557 625 mcf
620 625
521 mcf
505 625 calculix
520 602 mcf
605 calculix sphinx3
505 620
lbm sphinx3
605 623 calculix
520 623 638
623 calculix mcf
557 602 623
557 625 lbm
519 521 557
520 605 623
519 623 calculix
602 mcf
605 623 sphinx3
519 623 sphinx3
521 602 623
521 620 625
520 557
602 625 lbm
623 625 638
605 623
520 557 605
519 625 638
557 602 620
519 638
602 638 mcf
602 mcf sphinx3
521 620 sphinx3
505 520 625
520 605 638
521 602 lbm
519 602 sphinx3
521 557 623
620 623
557 620 calculix
calculix mcf sphinx3
520 mcf sphinx3
505 557 623
519 625 calculix
557 605 sphinx3
505 calculix sphinx3
520 521 623
620 625 calculix
505 623
557 620 mcf
520 602 sphinx3
520 605 calculix
calculix lbm
557 calculix mcf
519 557
557 620 623
520 521 calculix
620 638 sphinx3
519 623 625
521 557 605
519 557 calculix
625 638 lbm
520 605
519 557 625
620 calculix sphinx3
605 sphinx3
557 623 mcf
557 605 638
505 620 calculix
520 557 mcf
505 calculix
520 sphinx3
620 623 calculix
602 620 638
620 mcf
519 sphinx3
557 605 623
521 605 calculix
602 lbm sphinx3
505 521 638
638 mcf sphinx3
605 625 638
602 623
602 620
505 557 620
602 lbm
520 602 calculix
505 620 sphinx3
625 calculix mcf
605 625 sphinx3
520 623 sphinx3
505 602 638
505 520 521
520 557 623
521 625 lbm
557 605 620
602 620 sphinx3
519 521 623
505 638 sphinx3
520 625 calculix
520 625
520 557 sphinx3
520 605 625
557 lbm sphinx3
620 638 calculix
521 602 sphinx3
557 620 625
520 521 620
557 602 638
521 557 calculix
602 sphinx3
521 623
505 mcf
557 605 calculix
505 520 602
