****************** 
502 16724486271 32335546161 187722706 295825002 0.517217 
557 20000086817 32587148354 99247462 195165644 0.613742 
****************** 
625 20000304668 7253554251 10373583 17895877 2.757311 
638 15015361366 7404902161 1415139 44330413 2.027760 
****************** 
502 4559934112 10024394798 61925643 95819491 0.454884 
505 6739199696 10164145595 73374503 189148766 0.663037 
calculix 20000703877 9747255911 12214525 91044561 2.051932 
****************** 
505 8393062187 13094374277 96784919 232978806 0.640967 
557 8386212205 13085889449 37549518 82600246 0.640859 
gromacs 20000317412 12929021694 8542928 43097730 1.546932 
****************** 
638 17921480050 9114933811 2426404 53162146 1.966167 
calculix 20000607000 9674747867 9733378 90516841 2.067300 
mcf 2448781030 9779016755 162648490 378892740 0.250412 
****************** 
502 5095169058 11033642159 69098494 105817857 0.461785 
520 6193478661 11170718563 58248523 135740330 0.554439 
638 20000886635 10399159970 4295061 58893704 1.923318 
****************** 
505 6953053409 10649805286 77942336 193429398 0.652881 
638 20000384348 9911215988 1885922 59103797 2.017955 
****************** 
625 20000182976 8022782035 15770745 19598387 2.492924 
calculix 14580262796 8021706083 9930827 43350001 1.817601 
lbm 5349896500 7725574680 105670856 160050076 0.692492 
****************** 
625 20000135958 7231619226 9782147 18101078 2.765651 
calculix 14460956954 7220306370 5294108 40947389 2.002818 
****************** 
505 20000119527 34094753621 271695800 589550959 0.586604 
520 17878288135 34058861847 179530826 393974447 0.524923 
620 17434257352 34060321444 175028847 379888074 0.511864 
****************** 
502 5055793682 10595029754 65189528 104329225 0.477185 
620 5691842397 10731277355 56141484 125035108 0.530397 
638 20000468715 9966316708 2075419 59391467 2.006806 
****************** 
557 7573291368 11529226296 30943928 73587944 0.656878 
638 20000099834 10799357168 6000753 58669568 1.851971 
****************** 
505 4975905860 7492400258 53962612 138266832 0.664127 
620 3879418253 7490154842 39577004 86074623 0.517936 
625 20000435172 7418402705 11722117 18020558 2.696057 
****************** 
502 17574309114 35606684853 218742824 309795420 0.493568 
520 20000088836 35838822680 184733828 438078339 0.558057 
****************** 
625 20000147895 7480105535 11986496 18187812 2.673779 
hmmer 14726000643 7412466657 5031910 48637690 1.986653 
****************** 
519 10670402701 14182879568 188235798 302354136 0.752344 
hmmer 20000429359 14155027809 49091211 65108465 1.412956 
****************** 
519 8721496847 11365459565 158274700 247567918 0.767369 
638 20000310486 10551106112 4707458 58939620 1.895565 
****************** 
519 20000069170 28407690261 405929594 556749776 0.704037 
mcf 7556190252 28410911228 378002587 900692312 0.265961 
****************** 
505 6134669940 9593224935 71911099 172366604 0.639479 
557 6023203658 9587749671 29465004 58687031 0.628219 
calculix 20000693412 9491592680 10076543 90933244 2.107201 
****************** 
505 7143297495 10768828247 77409026 198354899 0.663331 
520 5691696935 10765516012 57787861 126148819 0.528697 
638 20000618028 9983974999 2090205 58903716 2.003272 
****************** 
557 15069957498 28986245838 115320910 147171256 0.519900 
lbm 20000133622 28660582777 345575491 616748399 0.697827 
****************** 
519 5875971330 7696857569 104746456 162885380 0.763425 
625 20000262194 7608270681 12343222 18271743 2.628753 
****************** 
502 4783019609 10643911726 65774735 103859435 0.449367 
505 7182826775 10745848297 77656163 200178399 0.668428 
638 20000472399 9967625156 2011098 59423284 2.006543 
****************** 
502 3797592158 7918403350 50186871 75788415 0.479591 
620 4260818229 8046103796 44186294 93754847 0.529550 
625 20000422115 7974567593 16312249 19451646 2.508026 
****************** 
625 19999991162 7563767951 12979540 18447359 2.644184 
calculix 15172085576 7550250440 6324773 48003964 2.009481 
hmmer 14700590169 7617416216 7168529 49030139 1.929866 
****************** 
625 19999973752 7400999730 11732691 17991466 2.702334 
638 13064656475 6985217844 3660149 38348557 1.870329 
hmmer 14826171701 7453362573 4982848 48866324 1.989192 
****************** 
519 20000090468 26791505206 366228650 561605324 0.746509 
620 10741502794 26774058594 169886662 248221860 0.401191 
****************** 
625 20000086746 7486122532 12101932 18586819 2.671622 
mcf 1873617223 7559165766 122289739 290418499 0.247860 
****************** 
502 3906205638 7870358010 48366928 78726871 0.496319 
557 4998320616 7993996650 25436438 47379698 0.625259 
625 20000193140 7926050219 15809190 19157793 2.523349 
****************** 
557 20000010851 31481089030 92214578 192199372 0.635302 
mcf 11904268521 31494226640 369877897 987053141 0.377983 
****************** 
505 16525539498 29525322407 231201319 481950013 0.559707 
lbm 20000121449 29176521378 361052203 617454152 0.685487 
****************** 
502 17977205842 36544019036 223390210 318555449 0.491933 
620 20000068522 36781280496 184164483 434821675 0.543757 
****************** 
620 12077996394 29743478197 191177397 280965947 0.406072 
lbm 20000121297 29418489130 386256531 617130474 0.679849 
****************** 
gromacs 20000160674 12010866303 10814757 37348269 1.665172 
lbm 8030121544 11633163799 155340168 244792570 0.690278 
****************** 
519 8095177097 10746083282 150829471 225023872 0.753314 
557 5331332002 10734997012 42561904 50942742 0.496631 
calculix 20000750208 10630700867 16730591 92378839 1.881414 
****************** 
gromacs 17384922451 9815432882 5023578 39701849 1.771182 
hmmer 20000490311 9814713660 4050325 66899466 2.037807 
****************** 
gromacs 20000169081 11436802728 7175745 42976250 1.748755 
mcf 2987859391 11429305771 194217523 441816234 0.261421 
****************** 
hmmer 20000300182 14140915894 48224527 65851221 1.414357 
lbm 9455011418 13817050503 179252991 288735206 0.684300 
****************** 
502 4664249043 10251548635 63683888 101536054 0.454980 
505 6593743092 10390892987 78145170 184849128 0.634569 
hmmer 20000494000 10370902538 10079658 67277176 1.928520 
****************** 
638 17941396957 8816916932 1704898 50397107 2.034883 
calculix 20000554890 9375712794 8866788 90581748 2.133230 
gromacs 16466422971 9459337577 5971264 30621372 1.740759 
****************** 
625 20000046444 7210743318 9766937 18049909 2.773646 
gromacs 12660359269 7261541331 4210355 26930854 1.743481 
****************** 
505 20000048971 30820761251 235456589 593974630 0.648915 
520 16205423657 30796293317 158948236 357546206 0.526213 
****************** 
557 20000075733 32155354741 102779825 192879579 0.621983 
620 18053590017 32132791093 166883694 389925891 0.561843 
****************** 
625 20000098445 8182625883 17265844 20096906 2.444215 
638 12945087412 7723821963 7453282 38061599 1.675995 
lbm 5566699575 7936802111 100226702 168431058 0.701378 
****************** 
638 18925534067 9743350965 3932961 55576228 1.942405 
hmmer 20000316259 10420399732 10456148 65848598 1.919343 
mcf 2632581428 10441173395 174505088 401291287 0.252135 
****************** 
557 7266453588 12024310790 42089166 69606001 0.604314 
620 6685788531 12026374105 63177012 145474570 0.555927 
638 20000499961 11274643496 8360843 58534909 1.773936 
****************** 
519 10238120889 13558821029 188978693 288408961 0.755089 
557 6799700984 13525510442 53834459 66004666 0.502732 
638 20000304029 12677276835 14729381 58895457 1.577650 
****************** 
519 20000060404 27046693589 403472248 570113766 0.739464 
520 11281788168 27028085849 165736219 259918516 0.417410 
****************** 
625 20000149444 7253686209 10425811 17916188 2.757239 
638 13831038922 6811072418 1289216 40935865 2.030670 
gromacs 12743218747 7304294900 4587813 23740596 1.744620 
****************** 
505 6842429102 10660642116 78658240 191485343 0.641840 
557 6761931399 10654776451 32651382 66082600 0.634639 
638 20000308751 9916580220 1913957 59426930 2.016855 
****************** 
505 4935796249 7489803827 54174562 136624312 0.659002 
520 3962498365 7488078535 39747454 87937533 0.529174 
625 20000285280 7415022472 11683661 18164597 2.697266 
****************** 
502 15530365970 31468222187 191976630 268677776 0.493525 
505 20000132655 31697495124 246578143 591661442 0.630969 
557 19174512014 31683735937 107363369 187111941 0.605185 
****************** 
505 7717766301 11634483392 84716812 213585620 0.663353 
gromacs 19912746674 11619092005 7710996 47998774 1.713795 
****************** 
502 5449365852 11683391022 72886919 113254110 0.466420 
620 6495807003 11819041896 62011997 142523290 0.549605 
gromacs 20000267518 11800338835 9732402 43108989 1.694889 
****************** 
502 4630339155 10433909760 67151520 101096766 0.443778 
520 5588148756 10571646558 59605475 123830392 0.528598 
hmmer 20000460688 10552393236 11747349 65809137 1.895348 
****************** 
638 16390562705 9813456743 9926455 46205544 1.670213 
calculix 19999756646 10383406796 15191654 91001325 1.926127 
lbm 7064927164 10130343753 140427572 215916143 0.697403 
****************** 
620 20000037093 36965773330 194158921 436037884 0.541042 
mcf 14944880794 36966255860 405822385 1046648879 0.404284 
****************** 
502 11260151239 25917461905 162569479 196540182 0.434462 
519 20000160722 26100081360 297205589 552918085 0.766287 
****************** 
502 20000036054 40224114316 238342469 343701642 0.497215 
mcf 17059752154 40510412563 413210729 1122194355 0.421120 
****************** 
520 20000014362 36853297909 193345901 438376195 0.542693 
mcf 14536521435 36858707900 408470759 1038878110 0.394385 
****************** 
505 6617420116 10298817216 76298010 185487641 0.642542 
557 6278792375 10292508123 33526258 59827700 0.610035 
hmmer 20000493050 10278361588 8843793 65882563 1.945883 
****************** 
calculix 20000586640 10283097353 14948272 91650012 1.944996 
gromacs 16542898791 10370578751 11450414 31815391 1.595176 
lbm 6966731890 10061548378 146268093 211222991 0.692412 
****************** 
502 4633560733 10553502834 68125351 100875560 0.439054 
620 5790639477 10691371507 58105924 127548822 0.541618 
hmmer 20000546289 10672452369 13392315 65784842 1.874035 
****************** 
502 5440051541 11615295566 70924224 112918582 0.468352 
505 7788883986 11725187144 85472951 217117978 0.664287 
gromacs 19990331703 11698466396 9366663 43146419 1.708799 
****************** 
638 18670579730 9389901191 2569419 53079953 1.988368 
gromacs 17422973384 10065145348 6598517 32484535 1.731021 
hmmer 20000481449 10062613775 6940371 65952706 1.987603 
****************** 
502 15777279183 32389033813 202401588 274639498 0.487118 
557 20000091678 32633045664 112512945 196813840 0.612878 
620 17564937807 32615973345 171072888 383604881 0.538538 
****************** 
502 15265690385 32630648309 204620162 267894024 0.467833 
505 20000188752 32859171226 258534590 592635279 0.608664 
520 17521896150 32831017342 173013410 386100342 0.533699 
****************** 
505 4699248621 7386233932 54216303 128096113 0.636217 
557 4707391724 7381884840 22303780 45948395 0.637695 
625 20000357858 7312991296 10896098 17967733 2.734908 
****************** 
625 20000314323 7323993226 10957240 18042788 2.730794 
gromacs 12856415360 7376488058 4975405 27147944 1.742891 
mcf 1837261132 7395572580 122354947 285196891 0.248427 
****************** 
519 9384547620 12358233900 172510583 261035671 0.759376 
557 6185083780 12348842325 49392343 59584806 0.500863 
gromacs 19946436383 12336025996 13031379 43278576 1.616926 
****************** 
gromacs 17634464039 10217291505 7383594 38085302 1.725943 
hmmer 20000332748 10205567538 8480910 66097970 1.959747 
mcf 2572391129 10225945459 170421396 394124204 0.251555 
****************** 
505 20000029864 33316779070 263011296 589696780 0.600299 
520 18615757211 33278553365 167560976 406505884 0.559392 
557 19137695646 33306021084 123391304 183470718 0.574602 
****************** 
625 20000206974 7263473995 10423642 18077190 2.753532 
638 13674795772 6822550008 1439290 40645919 2.004353 
calculix 14754888584 7250771499 5472723 43750912 2.034941 
****************** 
502 14985355751 31164951265 192041076 258339334 0.480840 
505 20000161591 31360909637 241914898 592145755 0.637742 
620 16003243649 31334077412 165905583 353294885 0.510730 
****************** 
519 5819344949 7845854429 119873361 162405708 0.741710 
557 4207663397 7839222903 28874261 40777163 0.536745 
625 20000272711 7746202217 13145867 18380105 2.581946 
****************** 
gromacs 20000184144 12766195667 16465315 38197472 1.566652 
hmmer 18215654717 12765355538 43177174 59892352 1.426960 
lbm 8487185875 12453610356 171641668 259502646 0.681504 
****************** 
557 7310498743 11952320384 40597239 70647478 0.611638 
620 6679461950 11954399413 63781229 145292686 0.558745 
gromacs 20000193937 11937238175 10925175 42984580 1.675446 
****************** 
625 20000258553 8061596947 16306673 19787061 2.480930 
lbm 5430454581 7812968231 99993382 163442096 0.695057 
****************** 
505 6826920820 10909014782 81002521 190240050 0.625805 
620 5698508109 10908287545 60506672 126870230 0.522402 
hmmer 20000530802 10888611556 15114181 65581634 1.836830 
****************** 
519 9804135664 13446578398 203083033 274421011 0.729118 
557 6828157179 13434383374 50625066 66574204 0.508260 
hmmer 19860653408 13426798443 39227659 65228423 1.479180 
****************** 
625 20000124189 8122571556 16761399 19962722 2.462290 
gromacs 12868229837 8189107382 9756568 28439952 1.571384 
lbm 5489750329 7879449144 104939165 164834016 0.696718 
****************** 
557 5698530264 11085356432 44105945 54532344 0.514059 
calculix 20000696060 10974969515 18945349 92925746 1.822392 
lbm 7456522340 10760439022 135625626 226656300 0.692957 
****************** 
557 7245512883 14211673575 56221063 69786053 0.509828 
hmmer 20000492119 14197326199 49474038 65058076 1.408751 
lbm 9488260702 13886160209 165249720 288853251 0.683289 
****************** 
625 20000163886 7643567572 13569244 18703931 2.616601 
hmmer 14914567100 7703252133 6806403 49371594 1.936139 
mcf 1907780238 7719619943 127307927 295560370 0.247134 
****************** 
502 4488313154 9518171126 60072675 91588259 0.471552 
557 5982550253 9642196171 31025307 57397667 0.620455 
calculix 20000639403 9545338842 10251250 91159362 2.095330 
****************** 
625 20000276054 8117279685 16253515 19725839 2.463914 
hmmer 11853301585 8190544079 26781816 38645285 1.447193 
lbm 5354941065 7878519839 104049032 160506145 0.679689 
****************** 
638 20000095291 9934532528 2354978 58504329 2.013189 
gromacs 18474860750 10643313499 6935862 33906221 1.735819 
mcf 2757790276 10661752302 180434361 415792000 0.258662 
****************** 
502 5518342532 11593703662 72080144 115599972 0.475978 
557 7337250712 11727154072 38050987 71810675 0.625663 
638 20000307981 10980939767 7217929 58955549 1.821366 
****************** 
505 20000063755 32148100953 248890559 587250332 0.622123 
mcf 11327356563 32149308991 377895360 975826350 0.352336 
****************** 
557 5782977904 9817504294 35677502 55595851 0.589048 
620 5595213091 9820958398 48932273 122093109 0.569722 
calculix 20000832332 9716878918 12087251 91390564 2.058360 
****************** 
519 7954336683 10405869779 143153363 221303408 0.764409 
calculix 20000821126 10291588966 14705150 91411004 1.943414 
****************** 
625 20000069864 7313956528 10771748 18024675 2.734508 
calculix 14316417946 7304930251 6133055 40188436 1.959830 
mcf 1832403033 7386300958 122018201 284281606 0.248081 
****************** 
502 15873888818 32712849257 204338377 279456724 0.485249 
520 17736364711 32952070866 178462316 390476887 0.538247 
557 20000095938 32958859755 113586152 195528425 0.606820 
****************** 
519 9332728165 12200748755 169501665 260131403 0.764931 
gromacs 20000223830 12174707695 11588124 43546181 1.642768 
****************** 
505 7616260438 11789439624 86500386 210871405 0.646024 
620 6421451307 11783992938 60241096 140463263 0.544930 
gromacs 20000334146 11766114724 9195522 43188985 1.699825 
****************** 
557 6675563889 12842345630 51136104 63905057 0.519809 
gromacs 20000143061 12826703389 16804775 37823736 1.559258 
lbm 8774669040 12519693817 151292388 267181045 0.700869 
****************** 
505 6766008216 10277819132 75258662 190816155 0.658312 
hmmer 20000367761 10258304074 8716712 65880648 1.949676 
****************** 
calculix 20000589401 9516804171 10334748 91260116 2.101608 
gromacs 16066603353 9598071770 8477533 34116352 1.673941 
mcf 2413400404 9618487288 158070653 373452332 0.250913 
****************** 
502 15663830453 30862497803 179032058 270742408 0.507536 
505 20000116651 31089309916 241722144 591987648 0.643312 
****************** 
hmmer 20000352883 9999434328 6475170 65802191 2.000148 
mcf 2497942162 10019661639 162182294 385182329 0.249304 
****************** 
519 20000061285 32218596791 562141124 612161669 0.620761 
lbm 18383611042 31862635177 394172059 573682593 0.576965 
****************** 
502 4438410092 9655913573 61123793 90306952 0.459657 
620 5335330443 9783000843 50657848 117076330 0.545367 
calculix 20000620689 9679738466 11744143 90900654 2.066236 
****************** 
calculix 20000547384 9288547759 8431489 93040622 2.153248 
gromacs 16261715554 9367018084 4964681 32383483 1.736061 
****************** 
638 17452514751 8784843221 2401775 51474152 1.986662 
calculix 19971447282 9320344009 8240562 90338082 2.142780 
****************** 
calculix 20000678765 10106864682 14247909 91515452 1.978920 
lbm 6820480802 9865984282 136650214 207086104 0.691313 
****************** 
557 6159514875 9439613950 25788470 59520937 0.652518 
calculix 20000657735 9342616245 9173152 90983887 2.140798 
****************** 
520 12105477874 29776902741 192788993 280315221 0.406539 
lbm 20000158286 29445461588 389063210 617151722 0.679227 
****************** 
505 7914233441 11876028629 85753578 221009677 0.666404 
520 6288246854 11871323720 63211978 138717720 0.529701 
gromacs 19987171580 11853535241 9870645 43352323 1.686178 
****************** 
502 4469944543 9668366796 61020537 91283235 0.462327 
520 5330457616 9796150845 50609038 117866101 0.544138 
calculix 20000966546 9692917174 11729241 90956712 2.063462 
****************** 
502 3634963211 7342297300 44729873 71354434 0.495072 
505 4981629801 7471060337 54187579 138932506 0.666790 
625 20000397208 7398309778 11602751 17996585 2.703374 
****************** 
502 12472700794 28902172727 183033215 218672276 0.431549 
lbm 20000159855 28744943783 332648065 616721273 0.695780 
****************** 
638 17326595489 9082786156 4177180 49856214 1.907630 
calculix 19864647281 9620571612 9491981 96759845 2.064809 
hmmer 19183124074 9696625561 6992508 64012551 1.978330 
****************** 
505 6299234355 9881279839 73968127 176615176 0.637492 
520 5365033169 9878384571 50526682 118184635 0.543108 
calculix 19993392867 9774248821 12457022 91353058 2.045517 
****************** 
638 20000042439 9861368411 1977105 58812862 2.028120 
mcf 2721907367 10589456371 175686357 411294227 0.257039 
****************** 
519 20000062229 26321476767 343712185 555563183 0.759838 
557 13500836737 26267762366 103486155 133465292 0.513970 
****************** 
625 20000197235 7298416376 10857233 18024680 2.740348 
638 13837038433 6860301614 1523808 41209749 2.016972 
mcf 1831125393 7372575166 122511995 283567878 0.248370 
****************** 
505 14936049991 26364997408 204715963 424980694 0.566511 
519 20000109430 26361643428 322932093 553899309 0.758682 
****************** 
557 3972076207 7633803604 29869690 38320954 0.520327 
625 20000171583 7544431881 11765203 18167809 2.650984 
lbm 5058016534 7305328554 92223432 151263373 0.692374 
****************** 
calculix 20000328844 9363047287 9760961 91193827 2.136092 
gromacs 16152424911 9443354975 6404214 42812419 1.710454 
hmmer 18689130007 9444573094 6319250 62294916 1.978822 
****************** 
calculix 20000669433 9234819401 8270943 91978192 2.165789 
hmmer 18648376961 9316139041 5287474 62825986 2.001728 
****************** 
638 19999985435 13231000417 18021503 58201672 1.511600 
hmmer 19905568697 14065634970 49345360 64795486 1.415192 
lbm 9485236237 13750912970 174780683 293554956 0.689790 
****************** 
502 3685606535 7332676170 45194482 71733680 0.502628 
520 4023437667 7459347833 39600350 89094952 0.539382 
625 20000465808 7386751421 11539290 17953191 2.707613 
****************** 
505 6252268350 9472401464 70043421 175478218 0.660051 
calculix 20000619292 9371035452 8830181 90910248 2.134302 
****************** 
638 20000201373 10123788990 2892154 58560898 1.975565 
lbm 7429033136 10561309673 137163322 226143417 0.703420 
****************** 
calculix 20000451680 9605920872 10773259 91240404 2.082096 
hmmer 18494674183 9688888975 9847371 60817750 1.908854 
mcf 2406416272 9709013988 159826039 374190266 0.247854 
****************** 
557 6379700121 10417246957 35575559 61253921 0.612417 
620 5558812388 10420393007 57972057 122644966 0.533455 
hmmer 20000522987 10402334114 10308874 65760908 1.922696 
****************** 
638 20000406788 10480776434 4709425 58289983 1.908294 
gromacs 17958134064 11268911719 13355135 33155535 1.593600 
lbm 7702201041 10955142229 150879137 235719657 0.703067 
****************** 
505 7172044841 11283004468 82897661 198622673 0.635650 
520 6033754126 11279314024 59568949 133225312 0.534940 
hmmer 19988218297 11245935776 19182586 65885348 1.777373 
****************** 
calculix 20000434601 9491890571 9854450 91239250 2.107108 
mcf 2361186203 9594283328 153520228 367021526 0.246103 
****************** 
calculix 20000344885 10490086070 15853114 92236076 1.906595 
hmmer 15835660462 10578517251 33641005 52018206 1.496964 
lbm 6931984230 10270846611 149941903 211696247 0.674918 
****************** 
505 6674100627 10710145873 80545003 187694213 0.623157 
620 5840367684 10707158295 53928168 127976130 0.545464 
638 20000450972 9956825393 2041693 59221112 2.008718 
****************** 
502 5433103988 11980369424 76686478 112833413 0.453501 
520 6899675885 12115157432 61289099 150526991 0.569508 
gromacs 20000253690 12097575374 12238978 43214186 1.653245 
****************** 
625 20000142312 7236590294 10150487 18064158 2.763752 
calculix 14577451843 7223751870 5161726 42478971 2.017989 
gromacs 12650084728 7287524598 4661751 26957244 1.735855 
****************** 
557 6185558256 9481506574 28184188 60370392 0.652381 
638 17714842716 8821643169 1698856 52771161 2.008111 
calculix 20000831093 9385438635 9690860 90422968 2.131049 
****************** 
557 4311439252 7398676542 27558849 41911967 0.582731 
620 4211106512 7401977351 37165076 91641835 0.568916 
625 20000603964 7329118576 11090570 17863409 2.728924 
****************** 
502 16843827802 36969994499 238943090 299329512 0.455608 
520 20000057022 37202221417 198288364 440419491 0.537604 
620 19850770375 37204084088 196996793 435023348 0.533564 
****************** 
505 20000057839 32690511224 256679955 589778891 0.611800 
620 18237616547 32657282733 158065136 395504326 0.558455 
****************** 
505 20000026424 33080130174 258503238 592542301 0.604593 
557 19902862264 33074904687 113422869 188798691 0.601751 
620 16987829342 33059755310 189838232 374402503 0.513852 
****************** 
505 4831819200 7368652372 53846978 133440526 0.655726 
625 20000163244 7300456489 10130550 18005516 2.739577 
****************** 
505 6403227544 9929852971 73623647 179925220 0.644846 
620 5307318906 9926877259 50783377 117111181 0.534641 
calculix 20000788383 9821880211 12644267 91191529 2.036350 
****************** 
505 19575632402 31073589711 239995959 575246698 0.629977 
557 20000108098 31071838810 87453877 193316225 0.643673 
